-11	65223.27775738724	0.006206617	-0.001228	0.000408771	0.000494961	0.006790678	0.0008755	0.0003591	0.00140918	0.0246684	
-10.99333333333333	65224.0170404856	0.006197494	-0.0011183	0.000411989	0.000361921	0.00679907	0.0008546	0.0003588	0.00146867	0.0246684	
-10.98666666666667	65224.62439637681	0.006218846	-0.0013622	0.000411155	0.000420334	0.006803699	0.000925	0.0003642	0.00139154	0.0246684	
-10.98	65225.20053585708	0.006239375	-0.0016637	0.000407936	0.0005087890000000001	0.006812789	0.000936	0.0003717	0.00125242	0.0246684	
-10.97333333333333	65225.81019312422	0.006261066	-0.0020194	0.000406148	0.000630859	0.006846443	0.0008579	0.0003861	0.00103653	0.0246684	
-10.96666666666667	65226.40293694224	0.006308276	-0.002357	0.000405075	0.000777368	0.006866948	0.0007105	0.0004035	0.000772003	0.0246684	
-10.96	65227.0069719659	0.006340057	-0.0027522	0.000401976	0.000953082	0.006909058	0.0005126	0.0004182	0.000503901	0.0246684	
-10.95333333333333	65227.61982626404	0.006386473	-0.0031409	0.000393273	0.00113655	0.006927851	0.0003355	0.0004272	0.000313642	0.0246684	
-10.94666666666667	65228.19994003367	0.00643181	-0.0035382	0.000386002	0.00130308	0.006953493	0.0002288	0.0004305	0.000194074	0.0246684	
-10.94	65228.81019216425	0.00645057	-0.0039067	0.000375034	0.00144614	0.006993055	0.0001617	0.000429	0.00012684	0.0246684	
-10.93333333333333	65229.39879273761	0.006480458	-0.0041719	0.000367166	0.00154806	0.00700057	0.0001199	0.0004284	9.07187E-05	0.0246684	
-10.92666666666667	65230.00740459385	0.006496523	-0.0043072	0.000364425	0.00160826	0.007021023	9.57E-05	0.0004272	7.12876E-05	0.0246684	
-10.92	65230.5948096805	0.006505739	-0.0042933	0.00036216	0.00162352	0.00701764	8.14E-05	0.0004287	6.13932E-05	0.0246684	
-10.91333333333333	65231.197270028	0.006492101	-0.0041293	0.00036657	0.00158907	0.007009755	7.26E-05	0.0004305	6.02009E-05	0.0246684	
-10.90666666666667	65231.79623831272	0.006466018	-0.0038545	0.000371935	0.00151432	0.00698924	7.04E-05	0.0004344	6.34198E-05	0.0246684	
-10.9	65232.39505908156	0.006441107	-0.003502	0.000381233	0.00141013	0.006982211	7.92E-05	0.0004395000000000001	7.3791E-05	0.0246684	
-10.89333333333333	65233.00227193675	0.006410263	-0.0031218	0.000390293	0.00128687	0.006965669	9.57E-05	0.0004431	9.44142E-05	0.0246684	
-10.88666666666667	65233.59097202734	0.006376805	-0.002782	0.000400545	0.00115801	0.006941169	0.0001298	0.0004437000000000001	0.000137211	0.0246684	
-10.88	65234.19892470194	0.006352563	-0.0024401	0.000409605	0.00102366	0.006921034	0.0002035	0.0004419000000000001	0.000222684	0.0246684	
-10.87333333333333	65234.80752823842	0.006315774	-0.0021397	0.000415804	0.000881199	0.006910432	0.0003608	0.000432	0.000394227	0.0246684	
-10.86666666666667	65235.40709682643	0.006279106	-0.0018511	0.000416758	0.00072277	0.006882814	0.0006028	0.0004068000000000001	0.000717405	0.0246684	
-10.86	65235.99734727385	0.006239395	-0.0015827	0.0004133	0.000569943	0.006845513	0.0008194	0.000378	0.00112284	0.0246684	
-10.85333333333333	65236.60602984813	0.006211379	-0.0012643	0.000410797	0.000439407	0.006823317	0.0008425	0.0003576	0.00141991	0.0246684	
-10.84666666666667	65237.19445346641	0.006190922	-0.0009863000000000001	0.000411632	0.000356199	0.006820812	0.000815	0.0003555	0.00150777	0.0246684	
-10.84	65237.82246030271	0.006187168	-0.0007338	0.000417234	0.000295999	0.006796945	0.0006797	0.0003609	0.00148977	0.0246684	
-10.83333333333333	65238.39538003262	0.006171349	-0.0005336	0.000421764	0.000248315	0.006788965	0.0005775	0.0003639	0.00147618	0.0246684	
-10.82666666666667	65238.99416240252	0.006157444	-0.0003781	0.000427367	0.000209213	0.006789991	0.0005291	0.0003657	0.00147713	0.0246684	
-10.82	65239.60140021702	0.006147642	-0.0002684	0.000431778	0.000181914	0.006792718	0.0005005	0.0003726	0.00141931	0.0246684	
-10.81333333333333	65240.18997967097	0.006146603	-0.0001779	0.000438573	0.000166417	0.00679981	0.0003949	0.0003939	0.00121904	0.0246684	
-10.80666666666667	65240.79856624792	0.006158688	-0.0001225	0.000454428	0.00016594	0.006804302	0.0002552	0.0004266	0.000865463	0.0246684	
-10.8	65241.39480404866	0.006156981	-8.729999999999999E-05	0.000469686	0.000170589	0.00680705	0.0001188	0.000456	0.000517491	0.0246684	
-10.79333333333333	65242.00362805899	0.006165888	-6.710000000000001E-05	0.000481131	0.000174643	0.006802928	5.5E-05	0.0004728	0.000301482	0.0246684	
-10.78666666666667	65242.61382675106	0.006152672	-8.09E-05	0.000483038	0.00018251	0.00683747	3.3E-05	0.0004806	0.000213982	0.0246684	
-10.78	65243.20364489053	0.006157814	-0.0001044	0.000488045	0.000192286	0.006841771	3.08E-05	0.00048	0.000199319	0.0246684	
-10.77333333333333	65243.79247681745	0.006166474	-0.0001598	0.000482799	0.000207067	0.006847352	6.160000000000001E-05	0.000471	0.000265123	0.0246684	
-10.76666666666667	65244.42068012826	0.006183681	-0.0002503	0.000470283	0.0002203	0.006821404	0.0001672	0.0004431	0.000532631	0.0246684	
-10.76	65245.00178587029	0.006183424	-0.0003994	0.00044346	0.0002203	0.006808974	0.0004455	0.0003804	0.00119985	0.0246684	
-10.75333333333333	65245.59145041402	0.006196188	-0.0006007	0.000421645	0.000232221	0.006797696	0.0006687000000000001	0.0003501	0.00159348	0.0246684	
-10.74666666666667	65246.19985683599	0.006216809	-0.0008499	0.000416638	0.000287415	0.006809914	0.0007798	0.0003594	0.00151921	0.0246684	
-10.74	65246.78827085454	0.006241668	-0.0011482	0.000420811	0.000394227	0.006833559	0.0006885	0.0003888	0.00117029	0.0246684	
-10.73333333333333	65247.39608689294	0.006277902	-0.0014964	0.000423433	0.00054324	0.006851474	0.0005093	0.0004146	0.0007838050000000001	0.0246684	
-10.72666666666667	65247.99295507613	0.006308646	-0.0018767	0.000422599	0.00070155	0.006881714	0.0003872	0.0004266	0.000537161	0.0246684	
-10.72	65248.60210035752	0.006345888	-0.0022761	0.000414731	0.000844602	0.006891682	0.0003971	0.0004263	0.000461461	0.0246684	
-10.71333333333333	65249.19507648907	0.006351494	-0.0026861	0.000404002	0.00093687	0.006898953	0.000583	0.000411	0.000565413	0.0246684	
-10.70666666666667	65249.81966550052	0.006370747	-0.0031005	0.000389578	0.0009800270000000001	0.006882866	0.0010548	0.0003897	0.00078154	0.0246684	
-10.7	65250.43007442673	0.006408997	-0.0032826	0.000384929	0.00108267	0.006906458	0.0007974	0.0004101	0.000568632	0.0246684	
-10.69333333333333	65251.03493150751	0.006433795	-0.0034083	0.000384929	0.00122083	0.006960046	0.0004125	0.0004242	0.000321509	0.0246684	
-10.68666666666667	65251.62906312689	0.006456206	-0.0036149	0.000380399	0.0013392	0.006971356	0.0002508	0.000429	0.00019157	0.0246684	
-10.68	65252.23708555954	0.006478535	-0.0039461	0.000373127	0.00147463	0.006998055	0.0001331	0.000429	0.000109315	0.0246684	
-10.67333333333333	65252.82566533348	0.006530433	-0.0044137	0.000361206	0.00163139	0.006990106	6.05E-05	0.0004263	5.43597E-05	0.0246684	
-10.66666666666667	65253.47003843413	0.006569763	-0.0050048	0.000346782	0.0018133	0.007024849	2.09E-05	0.0004206	2.88488E-05	0.0246684	
-10.66	65254.07706825442	0.006627369	-0.0056108	0.000332357	0.00198461	0.007047658	0	0.000414	1.50204E-05	0.0246684	
-10.65333333333333	65254.67101203903	0.00666996	-0.0060486	0.000320556	0.00210823	0.007059105	-1.1E-05	0.0004086	8.940750000000001E-06	0.0246684	
-10.64666666666667	65255.29634246983	0.00668655	-0.0062435	0.00031531	0.00217189	0.007074072	-1.65E-05	0.0004095	5.72208E-06	0.0246684	
-10.64	65255.88741561435	0.006674125	-0.0061764	0.00031531	0.0021701	0.007087633	-2.09E-05	0.0004101	5.72208E-06	0.0246684	
-10.63333333333333	65256.49046282552	0.006658759	-0.005859	0.00032139	0.00210334	0.00704343	-2.42E-05	0.0004134	5.72208E-06	0.0246684	
-10.62666666666667	65257.08294649077	0.006603765	-0.0053424	0.000331642	0.00198402	0.007038991	-2.53E-05	0.0004194	5.72208E-06	0.0246684	
-10.62	65257.69221496874	0.006534948	-0.0046491	0.000347855	0.00180782	0.007013846	-2.64E-05	0.000429	5.60287E-06	0.0246684	
-10.61333333333333	65258.28429864513	0.006488285	-0.003912	0.000367643	0.00159539	0.006977571	-2.64E-05	0.0004386	5.60287E-06	0.0246684	
-10.60666666666667	65258.88420322378	0.006428395	-0.0031846	0.000387313	0.0013671	0.006958218	-2.86E-05	0.0004473	5.72208E-06	0.0246684	
-10.6	65259.49036618821	0.006371663	-0.0025285	0.000408532	0.00114311	0.006920611	-2.75E-05	0.0004584	5.72208E-06	0.0246684	
-10.59333333333333	65260.09808590929	0.006326038	-0.0019715	0.000425937	0.000942472	0.00689109	-2.75E-05	0.0004665	6.43733E-06	0.0246684	
-10.58666666666667	65260.68808420374	0.006286963	-0.0015156	0.000440838	0.000770692	0.006858387	-2.42E-05	0.0004728	1.26362E-05	0.0246684	
-10.58	65261.28258573281	0.006246389	-0.0011631	0.000453474	0.000627879	0.006863281	-1.98E-05	0.0004779	2.63454E-05	0.0246684	
-10.57333333333333	65261.88873493762	0.006222456	-0.0008691	0.000462653	0.0005101	0.00686253	-7.700000000000001E-06	0.0004794000000000001	5.98433E-05	0.0246684	
-10.56666666666667	65262.48154211387	0.006220275	-0.0006529	0.000467064	0.000414373	0.006835641	3.63E-05	0.0004722	0.000172854	0.0246684	
-10.56	65263.09421561704	0.00618762	-0.0004867	0.000461819	0.000323536	0.006839192	0.0001694	0.0004407	0.000517372	0.0246684	
-10.55333333333333	65263.6836529671	0.006160447	-0.0003792	0.000453236	0.000256063	0.006819966	0.0002442	0.0004221	0.000800971	0.0246684	
-10.54666666666667	65264.28253005436	0.006158092	-0.0002737	0.000463726	0.000238181	0.006821837	0.0001166	0.0004557	0.000494126	0.0247012	
-10.54	65264.9386205888	0.006157125	-0.0002066	0.000475528	0.00022936	0.006825832	4.95E-05	0.0004722	0.000284554	0.0247012	
-10.53333333333333	65265.52363182209	0.006162761	-0.00018	0.000482084	0.000219465	0.006819808	3.19E-05	0.0004770000000000001	0.000230313	0.0247012	
-10.52666666666667	65266.11791639721	0.006152404	-0.0001619	0.00048125	0.000211001	0.006822218	4.73E-05	0.000471	0.000284554	0.0247012	
-10.52	65266.76239637489	0.006149566	-0.0001725	0.000473501	0.000202895	0.006822799	0.0001133	0.0004515	0.000488523	0.0247012	
-10.51333333333333	65267.37286097955	0.006153309	-0.0002034	0.000461819	0.000195027	0.006811479	0.0002442	0.000426	0.000761393	0.0247012	
-10.50666666666667	65267.96224329115	0.006161414	-0.0002269	0.000465514	0.000211001	0.006800433	0.0001221	0.0004539	0.000528816	0.0247012	
-10.5	65268.56614007866	0.00616524	-0.0002705	0.000476481	0.000246527	0.006819501	2.2E-05	0.0004791	0.000213266	0.0247012	
-10.49333333333333	65269.15876837989	0.006169673	-0.0003323	0.000482323	0.000279428	0.006808931	-1.21E-05	0.0004866	7.545990000000001E-05	0.0247012	
-10.48666666666667	65269.75984124602	0.006163317	-0.0004037	0.000482561	0.000310065	0.006834214	-2.42E-05	0.0004902	3.2902E-05	0.0247012	
-10.48	65270.35882777024	0.006171617	-0.0004867	0.000481131	0.000340225	0.006832861	-2.75E-05	0.000492	1.82391E-05	0.0247012	
-10.47333333333333	65270.95904274025	0.00618509	-0.0005613	0.000476839	0.000371935	0.006837713	-2.75E-05	0.0004878	1.46628E-05	0.0247012	
-10.46666666666667	65271.5648383549	0.00618148	-0.0006401	0.000475647	0.000400426	0.00685511	-2.86E-05	0.0004866	1.66894E-05	0.0247012	
-10.46	65272.15424754575	0.006186972	-0.0007051	0.000471832	0.000424506	0.006868323	-2.31E-05	0.0004851	2.18154E-05	0.0247012	
-10.45333333333333	65272.7609013765	0.006190377	-0.0007786	0.00046909	0.000445487	0.006864644	-8.8E-06	0.00048	6.49695E-05	0.0247012	
-10.44666666666667	65273.35687966447	0.006184823	-0.000867	0.000454189	0.000428202	0.006832375	0.0001936	0.0004287	0.000554565	0.0247012	
-10.44	65273.96782553574	0.006191364	-0.0009840999999999999	0.000434877	0.000407936	0.006823983	0.0004411	0.0004107	0.0008808410000000001	0.0247012	
-10.43333333333333	65274.56109157921	0.006212489	-0.0010661	0.000447394	0.000494365	0.006830906	9.35E-05	0.0004608	0.000339033	0.0247012	
-10.42666666666667	65275.16395191558	0.006226364	-0.0012366	0.000451567	0.000591878	0.006865469	1.43E-05	0.0004686	0.0001117	0.0247012	
-10.42	65275.75712356168	0.00625871	-0.0014815	0.00044656	0.000686768	0.006852553	-1.1E-06	0.0004695	5.71015E-05	0.0247012	
-10.41333333333333	65276.35691198357	0.0062818	-0.0018341	0.000436427	0.000805859	0.006872793	-4.4E-06	0.0004653	4.375E-05	0.0247012	
-10.40666666666667	65276.96510529147	0.006309438	-0.0022548	0.000424625	0.000945333	0.00690575	1.1E-05	0.0004584	5.65054E-05	0.0247012	
-10.4	65277.55630323252	0.006343513	-0.0026925	0.000409843	0.00106312	0.00691855	0.0001144	0.0004425	0.000157119	0.0247012	
-10.39333333333333	65278.16325305503	0.006359825	-0.0031665	0.000393393	0.00109053	0.006875975	0.0007391	0.0004071	0.000514749	0.0247012	
-10.38666666666667	65278.75261360723	0.006377248	-0.0032123	0.000388267	0.0011592	0.006909565	0.0004059	0.0004245	0.000354292	0.0247012	
-10.38	65279.361135226	0.006380282	-0.0030429	0.000394823	0.00120724	0.006923644	0.0001386	0.000441	0.000165344	0.0247012	
-10.37333333333333	65279.95643801276	0.006342361	-0.0027458	0.00040281	0.00116432	0.006927819	2.86E-05	0.0004512000000000001	6.926110000000001E-05	0.0247012	
-10.36666666666667	65280.55332699537	0.006317059	-0.0023102	0.000414969	0.00104869	0.00691651	-8.8E-06	0.0004587	2.88488E-05	0.0247012	
-10.36	65281.15844614886	0.00627783	-0.0018682	0.000429155	0.000900749	0.00688979	-2.53E-05	0.0004674	1.53781E-05	0.0247012	
-10.35333333333333	65281.76270740623	0.006235929	-0.0014581	0.000442745	0.000750307	0.006896533	-2.75E-05	0.000474	1.12057E-05	0.0247012	
-10.34666666666667	65282.3922735591	0.00620997	-0.0011258	0.00045407	0.000623588	0.006880636	-3.08E-05	0.0004794000000000001	6.19891E-06	0.0247012	
-10.34	65282.98328046547	0.006181069	-0.000851	0.000464799	0.0005148690000000001	0.006880108	-3.19E-05	0.0004848	5.72208E-06	0.0247012	
-10.33333333333333	65283.57244518313	0.0061667	-0.0006444000000000001	0.000471951	0.000428678	0.006857055	-3.19E-05	0.0004887	5.72208E-06	0.0247012	
-10.32666666666667	65284.17304830234	0.006156786	-0.000474	0.000477912	0.000360491	0.006849445	-3.19E-05	0.0004896	5.72208E-06	0.0247012	
-10.32	65284.78274108849	0.006155737	-0.000343	0.000482323	0.000307562	0.006819438	-2.97E-05	0.0004932000000000001	5.72208E-06	0.0247012	
-10.31333333333333	65285.39845962689	0.006153536	-0.0002322	0.000487687	0.0002656	0.006813635	-3.08E-05	0.000495	5.72208E-06	0.0247012	
-10.30666666666667	65285.97866075409	0.006136318	-5.33E-05	0.000492696	0.000206829	0.006805771	-3.41E-05	0.0004980000000000001	1.00136E-05	0.0247012	
-10.3	65286.56767891582	0.006132153	-2.13E-05	0.0004938880000000001	0.000174404	0.006819279	-3.19E-05	0.0004986	1.6451E-05	0.0247012	
-10.29333333333333	65287.175826145	0.006126465	2.98E-05	0.0004938880000000001	0.000156046	0.006810612	-2.64E-05	0.000495	3.85048E-05	0.0247012	
-10.28666666666667	65287.77055742768	0.00610281	5.33E-05	0.000492696	0.000139833	0.006820622	4.4E-06	0.0004815000000000001	0.000174285	0.0247012	
-10.28	65288.38288598046	0.00610354	6.39E-05	0.00046766	0.000113726	0.006804587	0.0001881	0.0004203	0.000864986	0.0247012	
-10.27333333333333	65288.99287027849	0.006105402	8.31E-05	0.000483872	0.000123859	0.006836466	-9.9E-06	0.000489	0.000234247	0.0247012	
-10.26666666666667	65289.58384934563	0.006113228	6.82E-05	0.000498299	0.000134588	0.006841476	-2.64E-05	0.0004992	3.8624E-05	0.0247012	
-10.26	65290.17089764221	0.006099889	4.47E-05	0.000498895	0.000144244	0.006841687	-2.97E-05	0.0004974000000000001	1.82391E-05	0.0247012	
-10.25333333333333	65290.77042815128	0.006104898	4.3E-06	0.000494603	0.000157596	0.006835673	-2.75E-05	0.0004977	1.7047E-05	0.0247012	
-10.24666666666667	65291.3887859762	0.006123112	-5.33E-05	0.0004938880000000001	0.000177623	0.006827682	-2.86E-05	0.0004974000000000001	1.65702E-05	0.0247012	
-10.24	65291.96882614788	0.006123884	-0.0001342	0.0004938880000000001	0.000206233	0.006841021	-2.64E-05	0.000495	2.24115E-05	0.0247012	
-10.23333333333333	65292.57832789936	0.00613747	-0.0002439	0.000488404	0.000245096	0.006837385	-2.09E-05	0.0004905000000000001	4.58958E-05	0.0247012	
-10.22666666666667	65293.16755693522	0.006142829	-0.000393	0.000478508	0.000285985	0.006844382	5.17E-05	0.0004683	0.000228168	0.0247012	
-10.22	65293.77591919841	0.006139723	-0.0005847	0.000461461	0.00032592	0.006848346	0.0002497	0.0004512000000000001	0.000455858	0.0247012	
-10.21333333333333	65294.36992218137	0.006163533	-0.0007573	0.000466349	0.000422003	0.006898013	-9.9E-06	0.00048	0.00010109	0.0247012	
-10.20666666666667	65294.96906934111	0.006175587	-0.0009351	0.000465037	0.000503544	0.00690242	-2.64E-05	0.0004824	1.62126E-05	0.0247012	
-10.2	65295.57278213374	0.006178508	-0.0010704	0.000460746	0.000560526	0.006913307	-3.08E-05	0.0004794000000000001	5.84128E-06	0.0247012	
-10.19333333333333	65296.18113479721	0.006186396	-0.0011492	0.000456812	0.000597481	0.006907198	-3.41E-05	0.0004785	3.93394E-06	0.0247012	
-10.18666666666667	65296.77080254086	0.00618653	-0.0011684	0.000456454	0.000607733	0.006912483	-3.08E-05	0.0004788	3.57629E-06	0.0247012	
-10.18	65297.3986996202	0.006196661	-0.0011183	0.000456931	0.000594262	0.00688386	-3.3E-05	0.0004797	5.60287E-06	0.0247012	
-10.17333333333333	65297.97237100919	0.006179053	-0.0010385	0.000460388	0.00056589	0.00687959	-3.08E-05	0.0004821	5.72208E-06	0.0247012	
-10.16666666666667	65298.56794450842	0.006180668	-0.000965	0.000462057	0.000534657	0.006874421	-2.97E-05	0.0004824	1.01328E-05	0.0247012	
-10.16	65299.1772379457	0.00616776	-0.000916	0.000465037	0.000511531	0.006856717	-2.31E-05	0.0004803	2.83719E-05	0.0247012	
-10.15333333333333	65299.76622442831	0.006173417	-0.0009351	0.000458004	0.000486495	0.006854962	8.8E-05	0.0004554	0.000278832	0.0247012	
-10.14666666666667	65300.36606500875	0.006176235	-0.0010331	0.000450971	0.000496391	0.006848547	0.000143	0.0004602	0.000295283	0.0247012	
-10.14	65300.96632221759	0.006185193	-0.0011993	0.000453832	0.000587825	0.006887898	-6.6E-06	0.0004743	6.568480000000001E-05	0.0247012	
-10.13333333333333	65301.5654024992	0.006211368	-0.0014762	0.000448229	0.00069249	0.006904302	-2.09E-05	0.0004728	1.89544E-05	0.0247012	
-10.12666666666667	65302.17230656299	0.006236752	-0.0017957	0.000437381	0.00080717	0.006917313	-2.75E-05	0.0004674	1.07289E-05	0.0247012	
-10.12	65302.7614008826	0.006264203	-0.0020631	0.000429275	0.000907782	0.00692468	-2.53E-05	0.0004641	6.19891E-06	0.0247012	
-10.11333333333333	65303.36828478695	0.006279229	-0.0021909	0.000423314	0.000969294	0.006923486	-2.64E-05	0.0004611	6.91417E-06	0.0247012	
-10.10666666666667	65303.96433155301	0.006292252	-0.0021461	0.000423791	0.000970129	0.006893552	-2.2E-05	0.0004638	1.18018E-05	0.0247012	
-10.1	65304.56270689424	0.006271536	-0.0019278	0.000427486	0.000906352	0.006881281	-8.8E-06	0.0004635	3.21867E-05	0.0247012	
-10.09333333333333	65305.18252419853	0.006230787	-0.00162	0.000433328	0.000773791	0.006854149	9.68E-05	0.0004542	0.000191213	0.0247012	
-10.08666666666667	65305.8222734279	0.006195478	-0.0012493	0.000440242	0.000613812	0.006851675	0.0002464	0.0004512000000000001	0.00035012	0.0247012	
-10.08	65306.40359356396	0.00617318	-0.0008861	0.000458481	0.00052214	0.00685417	-1.21E-05	0.0004794000000000001	7.20029E-05	0.0247012	
-10.07333333333333	65307.04265161258	0.006153217	-0.0006082	0.000473024	0.000424864	0.006829024	-2.97E-05	0.0004875	1.46628E-05	0.0247012	
-10.06666666666667	65307.64769716811	0.006149648	-0.0003845	0.000481011	0.000334026	0.006816182	-3.41E-05	0.0004923	5.96049E-06	0.0247012	
-10.06	65308.237176757	0.006138159	-0.0002343	0.000487329	0.000270011	0.006806648	-3.52E-05	0.0004941	2.3842E-06	0.0247012	
-10.05333333333333	65308.84430001469	0.006131135	-0.0001182	0.000492338	0.000222445	0.006801839	-3.08E-05	0.0004974000000000001	2.3842E-06	0.0247012	
-10.04666666666667	65309.44075988924	0.006127031	-4.05E-05	0.0004938880000000001	0.000187875	0.006800264	-3.08E-05	0.0004986	0	0.0247012	
-10.04	65310.03770167039	0.006114339	1.49E-05	0.0004938880000000001	0.00016451	0.006801903	-3.41E-05	0.0004989	1.1921E-07	0.0247012	
-10.03333333333333	65310.64263394907	0.006103766	5.33E-05	0.000499014	0.000149847	0.006810168	-3.19E-05	0.0004995000000000001	0	0.0247012	
-10.02666666666667	65311.23214041721	0.006111202	6.710000000000001E-05	0.0004996100000000001	0.000141502	0.006812758	-3.41E-05	0.0004995000000000001	0	0.0247012	
-10.02	65311.83880864757	0.00610678	7.03E-05	0.0004996100000000001	0.000136138	0.006806342	-3.52E-05	0.0004989	0	0.0247012	
-10.01333333333333	65312.4364115303	0.006116211	6.39E-05	0.0004996100000000001	0.00014031	0.006791671	-3.3E-05	0.0004992	0	0.0247012	
-10.00666666666667	65313.04593472118	0.006116767	3.83E-05	0.0004996100000000001	0.000150562	0.006823877	-3.52E-05	0.0004992	0	0.0247012	
-10	65313.63892781225	0.006134251	-1.49E-05	0.000497226	0.000166417	0.006817588	-3.52E-05	0.0004998	4.52998E-06	0.0247012	
-9.993333333333334	65314.24653105658	0.006135208	-0.0001001	0.000494007	0.000195504	0.006830134	-3.41E-05	0.0004968	5.60287E-06	0.0247012	
