-5	173445.2480187695	0.000656494	-0.0089999	0.000509027	0.00115538	0.0105791	0.0204584	0.0005057999999999999	1.26362E-05	0.0222645	
-4.98	173445.7740670793	0.000704628	-0.0090212	0.000509027	0.0011592	0.010662283	0.0205134	0.0005067	1.09673E-05	0.0222645	
-4.96	173446.1211803354	0.000630679	-0.009053200000000001	0.000509027	0.00115968	0.010683317	0.0205024	0.0005055	9.5368E-06	0.0222645	
-4.94	173446.5169893359	0.000621731	-0.009031900000000001	0.000508551	0.0011592	0.010622436	0.0205244	0.0005057999999999999	9.298379999999999E-06	0.0222645	
-4.92	173446.9280225966	0.000646929	-0.0090425	0.000508551	0.0011592	0.01071027	0.0205134	0.0005061	1.00136E-05	0.0222645	
-4.9	173447.2789050385	0.000600749	-0.009074499999999999	0.0005087890000000001	0.00115824	0.010651714	0.0205574	0.0005070000000000001	1.00136E-05	0.0222645	
-4.88	173447.6511271079	0.000591081	-0.0090638	0.00050867	0.0011592	0.010647592	0.0205684	0.0005055	1.1921E-05	0.0222645	
-4.86	173448.0520403011	0.000683955	-0.009085100000000001	0.000508312	0.00116015	0.010671479	0.0205794	0.0005061	1.04905E-05	0.0222645	
-4.84	173448.4180564453	0.000584705	-0.009106400000000001	0.0005084310000000001	0.00116158	0.010650445	0.0205904	0.0005052	1.23978E-05	0.0222645	
-4.82	173448.7882171261	0.000677681	-0.009053200000000001	0.0005087890000000001	0.00116063	0.010721051	0.0205904	0.0005061	1.4782E-05	0.0222645	
-4.8	173449.1341550515	0.000645592	-0.009095799999999999	0.0005084310000000001	0.00116015	0.010747475	0.0205794	0.0005067	1.26362E-05	0.0222645	
-4.78	173449.4871539206	0.000675727	-0.0091171	0.000508193	0.00115968	0.010700863	0.0206123	0.0005067	1.35899E-05	0.0222645	
-4.76	173449.8450301081	0.0006312960000000001	-0.009127700000000001	0.00050867	0.0011592	0.010667251	0.0206123	0.0005073	1.21594E-05	0.0222645	
-4.74	173450.2201634647	0.000592007	-0.0091171	0.000509385	0.00116063	0.010724433	0.0206233	0.0005057999999999999	1.40668E-05	0.0222645	
-4.72	173450.578004773	0.000653512	-0.0091171	0.000508908	0.00116063	0.010766183	0.0206673	0.0005057999999999999	1.35899E-05	0.0222645	
-4.7	173450.947076521	0.0005842930000000001	-0.009127700000000001	0.000508312	0.00116111	0.010696318	0.0206563	0.0005067	1.07289E-05	0.0222645	
-4.68	173451.2851868018	0.000667088	-0.009127700000000001	0.000509027	0.00116015	0.01069209	0.0206453	0.0005073	1.04905E-05	0.0222645	
-4.66	173451.6472667242	0.000586247	-0.0091597	0.000508908	0.00116111	0.010669365	0.0206233	0.0005061	9.775220000000001E-06	0.0222645	
-4.64	173451.9842727126	0.00063541	-0.009181	0.000508074	0.00116015	0.010667357	0.0206673	0.0005067	1.09673E-05	0.0222645	
-4.62	173452.3423908139	0.000591184	-0.009181	0.000507597	0.00116015	0.010674861	0.0206893	0.0005057999999999999	1.14442E-05	0.0222645	
-4.6	173452.7122699017	0.000671305	-0.0091704	0.0005084310000000001	0.00116158	0.01076946	0.0207003	0.0005064000000000001	1.09673E-05	0.0222645	
-4.58	173453.0441960169	0.000650837	-0.0091384	0.000507835	0.00116111	0.01077242	0.0207113	0.0005064000000000001	1.00136E-05	0.0222645	
-4.56	173453.3802535489	0.000669968	-0.009127700000000001	0.000508193	0.00116063	0.010767769	0.0207113	0.0005064000000000001	8.58313E-06	0.0222645	
-4.54	173453.7634174251	0.0005649570000000001	-0.0091704	0.000509027	0.00116158	0.010709953	0.0207003	0.0005061	1.21594E-05	0.0222645	
-4.52	173454.1173164318	0.000578019	-0.009181	0.000508193	0.00116158	0.010728555	0.0207113	0.0005061	1.00136E-05	0.0222645	
-4.5	173454.4794129939	0.000645078	-0.0091704	0.000508193	0.00116015	0.010772948	0.0207333	0.0005061	8.10629E-06	0.0222645	
-4.48	173454.837380699	0.000663899	-0.009213000000000001	0.0005087890000000001	0.00116015	0.010739336	0.0207333	0.0005061	1.40668E-05	0.0222645	
-4.46	173455.1764170366	0.0005634150000000001	-0.009181	0.000509027	0.00116063	0.010675918	0.0207003	0.0005067	8.82155E-06	0.0222645	
-4.44	173455.5363968515	0.00063469	-0.0092023	0.000508551	0.00116111	0.010696001	0.0207113	0.0005070000000000001	1.26362E-05	0.0222645	
-4.42	173455.8783339168	0.00064117	-0.0092023	0.000508551	0.00116111	0.010767769	0.0207553	0.0005067	1.07289E-05	0.0222645	
-4.4	173456.2412912574	0.000651249	-0.0091704	0.0005084310000000001	0.00116158	0.010750646	0.0207773	0.0005067	1.21594E-05	0.0222645	
-4.38	173456.5854407474	0.000600955	-0.009213000000000001	0.00050867	0.00116063	0.010664292	0.0207223	0.0005057999999999999	8.82155E-06	0.0222645	
-4.36	173456.9366140621	0.000644769	-0.009213000000000001	0.0005087890000000001	0.00116063	0.010745361	0.0207113	0.0005049000000000001	1.40668E-05	0.0222645	
-4.34	173457.280568677	0.000607949	-0.0091704	0.000508074	0.00116158	0.010660275	0.0207333	0.0005055	9.298379999999999E-06	0.0222645	
-4.32	173457.6343976054	0.000579665	-0.0092023	0.000508074	0.00116063	0.010662495	0.0207113	0.0005064000000000001	1.09673E-05	0.0222645	
-4.3	173457.9795697899	0.000563826	-0.0092236	0.0005084310000000001	0.00116158	0.010659113	0.0207223	0.0005064000000000001	9.775220000000001E-06	0.0222645	
-4.28	173458.329566814	0.000579974	-0.0092449	0.000508551	0.00116206	0.010680358	0.0207663	0.0005067	1.12057E-05	0.0222645	
-4.26	173458.7197292356	0.0005762710000000001	-0.009213000000000001	0.000509027	0.00116254	0.010677398	0.0207553	0.0005061	8.82155E-06	0.0222645	
-4.24	173459.0795484145	0.000651146	-0.009255599999999999	0.0005087890000000001	0.00116206	0.01070731	0.0207333	0.0005055	1.23978E-05	0.0222645	
-4.22	173459.4355420889	0.000564649	-0.0092236	0.000507955	0.00116063	0.0107331	0.0207443	0.0005055	1.31131E-05	0.0222645	
-4.2	173459.818549489	0.000593241	-0.009213000000000001	0.0005087890000000001	0.00116158	0.010660592	0.0207223	0.0005061	1.38283E-05	0.0222645	
-4.18	173460.2167801892	0.0005391420000000001	-0.009213000000000001	0.0005091470000000001	0.00116254	0.010680675	0.0207773	0.0005055	1.45436E-05	0.0222645	
-4.16	173460.5767123253	0.000603321	-0.009266200000000001	0.00050867	0.00116158	0.010663235	0.0207553	0.0005049000000000001	1.4782E-05	0.0222645	
-4.14	173460.944629862	0.000617308	-0.009234300000000001	0.000508193	0.00116206	0.010668414	0.0207223	0.0005061	1.14442E-05	0.0222645	
-4.12	173461.3239503142	0.000544799	-0.0092023	0.000508074	0.00116301	0.010707099	0.0207003	0.0005061	1.54973E-05	0.0222645	
-4.1	173461.7238753721	0.000546033	-0.009234300000000001	0.000508074	0.00116254	0.010663658	0.0207443	0.0005064000000000001	1.38283E-05	0.0222645	
-4.08	173462.0816542819	0.000543153	-0.009234300000000001	0.000508193	0.00116158	0.010719783	0.0207333	0.0005061	1.00136E-05	0.0222645	
-4.060000000000001	173462.4398367017	0.0005861450000000001	-0.0092236	0.0005087890000000001	0.00116254	0.010741767	0.0207333	0.0005067	1.09673E-05	0.0222645	
-4.04	173462.7805741169	0.0005958130000000001	-0.0092449	0.000508551	0.00116158	0.010744621	0.0207333	0.0005078999999999999	9.5368E-06	0.0222645	
-4.02	173463.1298111599	0.000622554	-0.0092449	0.000508551	0.00116254	0.010742507	0.0207113	0.0005064000000000001	1.38283E-05	0.0222645	
-4	173463.4718656622	0.000549736	-0.009266200000000001	0.000508193	0.00116206	0.010718408	0.0207333	0.0005067	9.298379999999999E-06	0.0222645	
-3.98	173463.8357644193	0.000532765	-0.009266200000000001	0.000509504	0.00116254	0.010658584	0.0207443	0.0005055	1.04905E-05	0.0222645	
-3.96	173464.1736692652	0.000618851	-0.0092449	0.000509027	0.00116158	0.010673593	0.0207553	0.0005061	8.82155E-06	0.0222645	
-3.94	173464.5318334455	0.000581722	-0.0092449	0.000508193	0.00116063	0.01065108	0.0207443	0.0005073	1.31131E-05	0.0222645	
-3.92	173464.882891563	0.000622862	-0.009255599999999999	0.00050867	0.00116206	0.010728767	0.0207773	0.0005055	1.16826E-05	0.0222645	
-3.9	173465.2409085469	0.000607537	-0.009266200000000001	0.000509266	0.00116254	0.010673065	0.0207663	0.0005057999999999999	1.16826E-05	0.0222645	
-3.88	173465.6149088119	0.0005746250000000001	-0.009255599999999999	0.000509266	0.00116301	0.010737857	0.0207553	0.0005061	8.10629E-06	0.0222645	
-3.86	173465.9861181065	0.000621422	-0.0093195	0.0005087890000000001	0.00116254	0.010726124	0.0207553	0.0005061	9.775220000000001E-06	0.0222645	
-3.84	173466.3399787141	0.000620599	-0.009266200000000001	0.000508908	0.00116254	0.010700757	0.0207553	0.0005064000000000001	1.26362E-05	0.0222645	
-3.82	173466.6769939822	0.000601264	-0.009266200000000001	0.000508551	0.00116206	0.010739019	0.0207883	0.0005061	1.28747E-05	0.0222645	
-3.8	173467.0269596471	0.000597458	-0.0092982	0.000508312	0.00116158	0.010733946	0.0207553	0.0005076000000000001	1.26362E-05	0.0222645	
-3.78	173467.3821117425	0.000553438	-0.009287500000000001	0.000508551	0.00116254	0.010728767	0.0207663	0.0005076000000000001	1.33515E-05	0.0222645	
-3.76	173467.7370699227	0.000521657	-0.0092982	0.0005084310000000001	0.00116254	0.010678984	0.0207993	0.0005073	1.26362E-05	0.0222645	
-3.74	173468.1159753453	0.000618542	-0.009308800000000001	0.000509027	0.00116349	0.010699277	0.0207773	0.0005064000000000001	1.35899E-05	0.0222645	
-3.72	173468.478205024	0.000560535	-0.009276899999999999	0.000508908	0.00116254	0.01064273	0.0207663	0.0005064000000000001	1.54973E-05	0.0222645	
-3.7	173468.8331014458	0.000567426	-0.009308800000000001	0.00050867	0.00116349	0.010725702	0.0207773	0.0005061	1.16826E-05	0.0222645	
-3.68	173469.1722469007	0.0005147660000000001	-0.0092982	0.000508074	0.00116158	0.010660909	0.0207773	0.0005052	1.21594E-05	0.0222645	
-3.66	173469.5319537624	0.000550558	-0.0092982	0.000508312	0.00116158	0.010642624	0.0208103	0.0005067	7.62945E-06	0.0222645	
-3.64	173469.8771992251	0.000547781	-0.009276899999999999	0.0005084310000000001	0.00116158	0.010643681	0.0207883	0.0005067	1.21594E-05	0.0222645	
-3.62	173470.2492027399	0.000529063	-0.009287500000000001	0.000508074	0.00116254	0.010636705	0.0208103	0.0005057999999999999	1.45436E-05	0.0222645	
-3.6	173470.6181525709	0.000603629	-0.009266200000000001	0.000508551	0.00116254	0.010697058	0.0207993	0.0005061	1.43052E-05	0.0222645	
-3.58	173470.9801361758	0.000527931	-0.0093195	0.000508074	0.00116158	0.010642412	0.0208323	0.0005073	1.43052E-05	0.0222645	
-3.56	173471.3381515597	0.000508801	-0.009308800000000001	0.00050867	0.00116301	0.0106663	0.0208103	0.0005052	1.09673E-05	0.0222645	
-3.54	173471.6711256487	0.000547987	-0.0092982	0.000508551	0.00116206	0.010636388	0.0207993	0.0005070000000000001	1.1921E-05	0.0222645	
-3.52	173472.0373177886	0.000512401	-0.0092982	0.00050867	0.00116254	0.01069061	0.0207883	0.0005049000000000001	1.02521E-05	0.0222645	
-3.5	173472.3702176394	0.0005196000000000001	-0.009351399999999999	0.000508551	0.00116254	0.010636388	0.0207993	0.0005067	1.07289E-05	0.0222645	
-3.48	173472.7243444804	0.000500984	-0.0092982	0.00050867	0.00116254	0.010634274	0.0208213	0.0005057999999999999	1.04905E-05	0.0222645	
-3.46	173473.0751027654	0.000578534	-0.0092982	0.000508074	0.00116206	0.010639136	0.0207773	0.0005061	1.21594E-05	0.0222645	
-3.44	173473.4344349165	0.000608052	-0.0093195	0.0005084310000000001	0.00116349	0.010686382	0.0208323	0.0005064000000000001	1.00136E-05	0.0222645	
-3.42	173473.7693411172	0.0005197030000000001	-0.009330099999999999	0.000508908	0.00116254	0.010637339	0.0208323	0.0005061	1.09673E-05	0.0222645	
-3.4	173474.1393389221	0.000587996	-0.009308800000000001	0.0005087890000000001	0.00116349	0.010734791	0.0208763	0.0005078999999999999	9.298379999999999E-06	0.0222645	
-3.38	173474.4693281256	0.0005488100000000001	-0.009351399999999999	0.000509027	0.00116254	0.010634697	0.0208543	0.0005057999999999999	9.775220000000001E-06	0.0222645	
-3.36	173474.8243560641	0.000603115	-0.009372699999999999	0.000508193	0.00116349	0.010678984	0.0208543	0.0005057999999999999	1.02521E-05	0.0222645	
-3.34	173475.1754033019	0.0005958130000000001	-0.009330099999999999	0.000508193	0.00116301	0.010735848	0.0208323	0.0005052	9.775220000000001E-06	0.0222645	
-3.32	173475.5283167332	0.0006020860000000001	-0.0093621	0.00050867	0.00116301	0.010662283	0.0208213	0.0005049000000000001	9.775220000000001E-06	0.0222645	
-3.3	173475.8704182744	0.000587584	-0.009372699999999999	0.0005087890000000001	0.00116301	0.01073532	0.0207993	0.0005049000000000001	1.04905E-05	0.0222645	
-3.28	173476.2345019868	0.000538216	-0.0093621	0.000509385	0.00116444	0.010723059	0.0208543	0.0005049000000000001	9.298379999999999E-06	0.0222645	
-3.26	173476.57051312	0.000555084	-0.009330099999999999	0.000509385	0.00116397	0.010723376	0.0208103	0.0005057999999999999	8.58313E-06	0.0222645	
-3.24	173476.9284139468	0.000612063	-0.009372699999999999	0.0005091470000000001	0.00116397	0.010703611	0.0208213	0.0005057999999999999	9.298379999999999E-06	0.0222645	
-3.22	173477.2695379123	0.00059067	-0.009330099999999999	0.0005087890000000001	0.00116349	0.010707733	0.0207883	0.0005052	1.00136E-05	0.0222645	
-3.2	173477.6282665585	0.000601366	-0.0093408	0.000509027	0.00116397	0.010717352	0.0208103	0.0005055	1.26362E-05	0.0222645	
-3.18	173477.9684945464	0.000612474	-0.009372699999999999	0.000508551	0.00116349	0.010681943	0.0208213	0.0005061	1.02521E-05	0.0222645	
-3.16	173478.3333219203	0.000531634	-0.009351399999999999	0.0005087890000000001	0.00116397	0.010693358	0.0207663	0.000504	1.09673E-05	0.0222645	
-3.14	173478.7077272951	0.000578636	-0.0093834	0.0005087890000000001	0.00116397	0.010654145	0.0208103	0.0005064000000000001	7.39101E-06	0.0222645	
-3.12	173479.0673323994	0.000605378	-0.009372699999999999	0.000508193	0.00116444	0.01072919	0.0208543	0.0005061	8.10629E-06	0.0222645	
-3.1	173479.4276184466	0.000526594	-0.0093834	0.000508551	0.00116444	0.010698432	0.0208543	0.0005064000000000001	1.23978E-05	0.0222645	
-3.08	173479.8116543011	0.000610212	-0.0093408	0.000509266	0.00116444	0.010695155	0.0208323	0.0005052	1.04905E-05	0.0222645	
-3.06	173480.1735428684	0.000542022	-0.0094153	0.000509027	0.00116397	0.010645161	0.0208433	0.0005064000000000001	1.04905E-05	0.0222645	
-3.04	173480.529568542	0.000601778	-0.009351399999999999	0.000508551	0.00116349	0.010736905	0.0208763	0.0005073	1.21594E-05	0.0222645	
-3.02	173480.903003701	0.000530194	-0.009372699999999999	0.000508551	0.00116492	0.010723059	0.0208983	0.0005049000000000001	1.26362E-05	0.0222645	
-3	173481.3146532663	0.0005860420000000001	-0.0093621	0.00050867	0.0011654	0.010753711	0.0208763	0.0005061	1.4782E-05	0.0222645	
-2.98	173481.6596267357	0.000594475	-0.0093834	0.000508551	0.00116301	0.010731198	0.0208543	0.0005067	1.6451E-05	0.0222645	
-2.96	173482.0047384417	0.000608566	-0.009394	0.0005091470000000001	0.00116349	0.010722636	0.0208433	0.0005070000000000001	1.38283E-05	0.0222645	
-2.94	173482.411740443	0.000572363	-0.009372699999999999	0.000508908	0.00116444	0.010659113	0.0208763	0.0005061	1.31131E-05	0.0222645	
-2.92	173482.7708444397	0.000582031	-0.009351399999999999	0.0005084310000000001	0.00116349	0.010668414	0.0208213	0.0005055	1.43052E-05	0.0222645	
-2.9	173483.1286652685	0.000505407	-0.0093834	0.0005084310000000001	0.00116444	0.010634802	0.0208323	0.0005055	1.02521E-05	0.0222645	
-2.88	173483.4998323242	0.000497385	-0.009394	0.000507716	0.00116492	0.010696001	0.0208763	0.0005055	1.16826E-05	0.0222645	
-2.86	173483.8257592291	0.000578328	-0.009372699999999999	0.0005084310000000001	0.00116301	0.010749483	0.0209093	0.0005064000000000001	1.04905E-05	0.0222645	
-2.84	173484.2097717241	0.000536674	-0.009426	0.000508312	0.00116349	0.010640616	0.0208873	0.0005061	1.12057E-05	0.0222645	
-2.82	173484.5707815933	0.000537085	-0.009394	0.000508074	0.00116349	0.010732043	0.0208543	0.0005061	7.62945E-06	0.0222645	
-2.8	173484.9248652354	0.000550558	-0.009426	0.00050867	0.00116587	0.010749695	0.0208653	0.0005057999999999999	9.298379999999999E-06	0.0222645	
-2.78	173485.2728853488	0.000549221	-0.009394	0.000508551	0.00116492	0.01066852	0.0208873	0.0005046	8.10629E-06	0.0222645	
-2.76	173485.6288889429	0.00054665	-0.009394	0.000508074	0.00116444	0.010755297	0.0209313	0.0005061	1.26362E-05	0.0222645	
-2.74	173485.969752435	0.00054809	-0.009394	0.000508551	0.00116444	0.010755297	0.0208983	0.0005055	8.82155E-06	0.0222645	
-2.72	173486.3409508499	0.000573391	-0.0094153	0.0005087890000000001	0.00116444	0.010735531	0.0209093	0.0005061	1.14442E-05	0.0222645	
-2.7	173486.7029338148	0.000513224	-0.0094153	0.0005084310000000001	0.00116349	0.010662812	0.0209203	0.0005061	1.02521E-05	0.0222645	
-2.68	173487.0629750681	0.000571334	-0.0094047	0.000508193	0.00116444	0.010740499	0.0209423	0.0005061	1.12057E-05	0.0222645	
-2.66	173487.4328205568	0.000473009	-0.0094366	0.000507835	0.00116492	0.01072771	0.0209973	0.0005055	1.43052E-05	0.0222645	
-2.64	173487.8090406063	0.000495122	-0.009426	0.0005091470000000001	0.0011654	0.010760159	0.0209533	0.0005049000000000001	1.02521E-05	0.0222645	
-2.62	173488.1631085688	0.000480414	-0.009564400000000001	0.000508908	0.00116587	0.010804974	0.0210413	0.0005061	1.21594E-05	0.0222645	
-2.6	173488.5588362915	0.000431972	-0.0096177	0.000508551	0.0011654	0.010759525	0.0210193	0.0005070000000000001	1.33515E-05	0.0222645	
-2.58	173488.9320144969	0.000468689	-0.009628299999999999	0.0005084310000000001	0.0011654	0.010747475	0.0209753	0.0005057999999999999	9.298379999999999E-06	0.0222645	
-2.56	173489.3120888503	0.000410167	-0.0096816	0.000507835	0.00116587	0.010783201	0.0213053	0.0005078999999999999	1.28747E-05	0.0222645	
-2.54	173489.6980408169	0.000379004	-0.0097561	0.000508312	0.00116874	0.01080434	0.0214373	0.0005073	1.26362E-05	0.0222645	
-2.52	173490.0650793356	0.00034856	-0.0098733	0.0005091470000000001	0.00116826	0.01088784	0.0216133	0.0005057999999999999	1.07289E-05	0.0222645	
-2.5	173490.4240098967	0.000317499	-0.009947900000000001	0.00050867	0.00116874	0.010906866	0.0217453	0.0005061	1.21594E-05	0.0222645	
-2.48	173490.7610418044	0.000299295	-0.0100224	0.000508193	0.00116969	0.010895451	0.0218662	0.0005061	9.775220000000001E-06	0.0222645	
-2.46	173491.1221860703	0.00034784	-0.0101289	0.000508908	0.0011716	0.011014888	0.0219982	0.0005061	8.10629E-06	0.0222645	
-2.44	173491.5041819756	0.000257435	-0.0102141	0.0005084310000000001	0.00117446	0.011020596	0.0220862	0.0005057999999999999	9.298379999999999E-06	0.0222645	
-2.42	173491.867306672	0.000233162	-0.01031	0.0005084310000000001	0.00117446	0.011060972	0.0222182	0.0005064000000000001	8.58313E-06	0.0222645	
-2.4	173492.2223045313	0.00016744	-0.0103845	0.000508312	0.00117541	0.011074184	0.0224162	0.0005064000000000001	1.1921E-05	0.0222645	
-2.38	173492.6079675451	0.000139362	-0.0105124	0.000507716	0.00117589	0.011110332	0.0225372	0.0005055	8.58313E-06	0.0222645	
-2.36	173492.9661746043	0.000128769	-0.0105656	0.000507716	0.00117589	0.011175124	0.0226472	0.0005061	8.82155E-06	0.0222645	
-2.34	173493.3182058176	0.000142859	-0.0107254	0.000508074	0.0011778	0.011148912	0.0228012	0.0005061	1.31131E-05	0.0222645	
-2.32	173493.668191642	0.000129283	-0.010768	0.00050867	0.00117923	0.011190028	0.0229112	0.0005055	1.1921E-05	0.0222645	
-2.3	173494.0193067181	9.2463E-05	-0.0108745	0.000508074	0.00117923	0.011294773	0.0230432	0.0005057999999999999	1.23978E-05	0.0222645	
-2.28	173494.4063255381	-1.2239E-05	-0.0109597	0.000508074	0.00118113	0.011281033	0.0232081	0.0005064000000000001	9.298379999999999E-06	0.0222645	
-2.26	173494.7554573038	-1.5325E-05	-0.0110342	0.000508074	0.00118304	0.011360517	0.0233181	0.0005073	1.1921E-05	0.0222645	
-2.24	173495.121474088	1.6456E-05	-0.0111621	0.000508074	0.00118495	0.011344979	0.0234501	0.0005057999999999999	1.12057E-05	0.0222645	
-2.22	173495.5013676459	-8.2075E-05	-0.0112366	0.0005087890000000001	0.00118542	0.011334198	0.0235601	0.0005049000000000001	1.26362E-05	0.0222645	
-2.2	173495.905648435	-8.341199999999999E-05	-0.0113218	0.0005084310000000001	0.00118638	0.01135576	0.0236261	0.0005052	1.33515E-05	0.0222645	
-2.18	173496.2664336698	-0.000114987	-0.0114177	0.000508193	0.00118638	0.011472344	0.0237251	0.0005061	9.05996E-06	0.0222645	
-2.16	173496.6173058721	-0.00020385	-0.0114816	0.00050867	0.00118638	0.011418227	0.0238131	0.0005067	7.39101E-06	0.0222645	
-2.14	173496.960537305	-0.000133397	-0.0116094	0.0005087890000000001	0.00118924	0.011510817	0.0239561	0.0005057999999999999	1.07289E-05	0.0222645	
-2.12	173497.3184451716	-0.000190479	-0.0116733	0.0005087890000000001	0.00119115	0.011489572	0.0240551	0.0005061	8.82155E-06	0.0222645	
-2.1	173497.6985438443	-0.000283764	-0.0117798	0.000508074	0.0011921	0.011498239	0.0241651	0.0005064000000000001	1.02521E-05	0.0222645	
-2.08	173498.0563953924	-0.000315031	-0.0118863	0.0005084310000000001	0.00119115	0.011595482	0.0243301	0.0005067	8.10629E-06	0.0222645	
-2.06	173498.4105487927	-0.000329533	-0.0119822	0.000508193	0.00119115	0.011645265	0.024451	0.0005049000000000001	8.58313E-06	0.0222645	
-2.04	173498.8235704837	-0.000380958	-0.01211	0.0005084310000000001	0.00119401	0.011641143	0.024539	0.0005055	1.07289E-05	0.0222645	
-2.02	173499.1625738622	-0.000313077	-0.0121632	0.0005084310000000001	0.00119592	0.011718196	0.024704	0.0005055	8.82155E-06	0.0222645	
-2	173499.5165259875	-0.000332207	-0.0122271	0.0005084310000000001	0.00119687	0.011746311	0.024858	0.0005052	1.07289E-05	0.0222645	
-1.98	173499.8564931819	-0.00039618	-0.0123549	0.0005091470000000001	0.00119687	0.011713228	0.024957	0.0005049000000000001	7.867869999999999E-06	0.0222645	
-1.96	173500.2174361728	-0.000450382	-0.0124401	0.00050867	0.00119782	0.011833934	0.0251	0.0005055	9.775220000000001E-06	0.0222645	
-1.94	173500.5623990825	-0.000466838	-0.012568	0.0005084310000000001	0.00119878	0.011876424	0.025254	0.0005049000000000001	9.298379999999999E-06	0.0222645	
-1.92	173500.9136687148	-0.0005568320000000001	-0.0126425	0.000508908	0.00120116	0.011828014	0.025375	0.0005057999999999999	1.21594E-05	0.0222645	
-1.9	173501.2565078376	-0.000492036	-0.0126958	0.0005084310000000001	0.00120116	0.011885514	0.025474	0.0005070000000000001	9.775220000000001E-06	0.0222645	
-1.88	173501.6114957771	-0.00053945	-0.0128449	0.00050867	0.00120354	0.011964786	0.025595	0.0005073	1.14442E-05	0.0222645	
-1.86	173501.9670389027	-0.000631604	-0.0129088	0.000508193	0.00120354	0.011964152	0.0257269	0.0005061	9.298379999999999E-06	0.0222645	
-1.84	173502.3166196172	-0.000658243	-0.0130366	0.000507597	0.00120354	0.011994381	0.0258259	0.0005064000000000001	1.12057E-05	0.0222645	
-1.82	173502.6617182035	-0.000681693	-0.0131538	0.000508074	0.00120307	0.012034018	0.0259249	0.0005057999999999999	9.775220000000001E-06	0.0222645	
-1.8	173503.0197255877	-0.0006685280000000001	-0.0132177	0.000507955	0.00120354	0.012072491	0.0260569	0.0005057999999999999	1.26362E-05	0.0222645	
-1.78	173503.3607074767	-0.0007072	-0.0132709	0.0005084310000000001	0.0012045	0.012109379	0.0261889	0.0005070000000000001	1.28747E-05	0.0222645	
-1.76	173503.7165702744	-0.0007862910000000001	-0.0133774	0.000508551	0.00120784	0.012065727	0.0262879	0.0005057999999999999	1.16826E-05	0.0222645	
-1.74	173504.058814532	-0.000747825	-0.0134839	0.00050867	0.00120927	0.012126925	0.0264089	0.0005064000000000001	9.298379999999999E-06	0.0222645	
-1.72	173504.4117343631	-0.000856024	-0.0135798	0.0005084310000000001	0.00120927	0.012111388	0.0265079	0.0005052	8.82155E-06	0.0222645	
-1.7	173504.8029674779	-0.000831443	-0.0136969	0.0005084310000000001	0.00120974	0.012144048	0.0266509	0.0005055	9.775220000000001E-06	0.0222645	
-1.68	173505.2028653365	-0.000814987	-0.0137715	0.000508551	0.00121117	0.012229557	0.0267389	0.0005061	1.26362E-05	0.0222645	
-1.66	173505.5607434438	-0.000886159	-0.0138674	0.0005084310000000001	0.00121117	0.012206726	0.0268818	0.0005055	1.12057E-05	0.0222645	
-1.64	173505.9329424738	-0.00091146	-0.0139206	0.00050867	0.0012126	0.012236955	0.0270028	0.0005067	1.14442E-05	0.0222645	
-1.62	173506.2979503232	-0.00094571	-0.0140484	0.000509027	0.00121356	0.0123658	0.0271678	0.0005064000000000001	1.1921E-05	0.022145	
-1.6	173506.711858712	-0.001051133	-0.0141656	0.000508908	0.00121547	0.012331026	0.0272668	0.0005070000000000001	1.07289E-05	0.022145	
-1.58	173507.0558744454	-0.001007525	-0.0142401	0.000508551	0.00121499	0.012423087	0.0273878	0.0005067	9.05996E-06	0.022145	
-1.56	173507.4098140911	-0.001011433	-0.0143466	0.0005084310000000001	0.00121547	0.01245913	0.0275198	0.0005067	1.02521E-05	0.022145	
-1.54	173507.7960313311	-0.001091759	-0.0144532	0.000508193	0.00121737	0.012496547	0.0276188	0.0005055	6.43733E-06	0.022145	
-1.52	173508.1470596894	-0.001176302	-0.0145277	0.000508193	0.00121737	0.012453634	0.0277508	0.0005055	5.96049E-06	0.022145	
-1.5	173508.4949258867	-0.001105438	-0.0146449	0.000508551	0.0012188	0.012561973	0.0279268	0.0005055	5.96049E-06	0.022145	
-1.48	173508.8610530681	-0.001195227	-0.0147407	0.000508551	0.00121976	0.01249549	0.0280148	0.0005061	5.96049E-06	0.022145	
-1.46	173509.2178908814	-0.001238733	-0.0148259	0.000508193	0.00122071	0.012615987	0.0281577	0.0005052	1.09673E-05	0.022145	
-1.44	173509.5589626883	-0.001274319	-0.0149111	0.0005087890000000001	0.00122214	0.012644525	0.0282567	0.0005057999999999999	9.5368E-06	0.022145	
-1.42	173509.9151413181	-0.001266091	-0.0150389	0.0005087890000000001	0.00122309	0.012596962	0.0283777	0.0005064000000000001	1.07289E-05	0.022145	
-1.4	173510.2521066674	-0.001255806	-0.0151029	0.000508074	0.00122309	0.012670421	0.0285097	0.0005064000000000001	8.10629E-06	0.022145	
-1.38	173510.61899127	-0.0013458	-0.015252	0.000507358	0.00122453	0.012655095	0.0286527	0.0005067	1.09673E-05	0.022145	
-1.36	173510.9593274152	-0.001409773	-0.0153265	0.000507835	0.00122548	0.012707098	0.0287957	0.000504	7.867869999999999E-06	0.022145	
-1.34	173511.3130929852	-0.001448959	-0.0154224	0.000508074	0.00122548	0.012742823	0.0289167	0.0005067	1.02521E-05	0.022145	
-1.32	173511.6990091127	-0.001473129	-0.0155076	0.000508551	0.00122691	0.012771679	0.0290377	0.0005067	8.10629E-06	0.022145	
-1.3	173512.0531314738	-0.001499047	-0.0155821	0.000507835	0.00122691	0.01279472	0.0291147	0.0005061	1.21594E-05	0.022145	
-1.28	173512.4071213583	-0.001528565	-0.0156993	0.000507835	0.00122882	0.012854545	0.0292577	0.0005067	1.1921E-05	0.022145	
-1.26	173512.7570742234	-0.001558186	-0.0157952	0.000508551	0.00122929	0.012875261	0.0294226	0.0005057999999999999	1.16826E-05	0.022145	
-1.24	173513.1071454856	-0.001586984	-0.0159123	0.000508193	0.00122882	0.012900734	0.0295546	0.0005076000000000001	1.00136E-05	0.022145	
-1.22	173513.4471776385	-0.001622262	-0.0159975	0.000508193	0.0012312	0.01298952	0.0296756	0.0005057999999999999	1.23978E-05	0.022145	
-1.2	173513.8092668407	-0.001557466	-0.0160827	0.000508074	0.00123215	0.013053995	0.0298076	0.0005055	1.16826E-05	0.022145	
-1.18	173514.1910915504	-0.001651368	-0.0162105	0.000507835	0.00123359	0.01308898	0.0299506	0.0005057999999999999	1.26362E-05	0.022145	
-1.16	173514.5961649597	-0.001693331	-0.0162851	0.000508193	0.00123549	0.013039197	0.0300716	0.0005064000000000001	1.26362E-05	0.022145	
-1.14	173514.955409113	-0.001705982	-0.0163916	0.000507835	0.00123502	0.013074923	0.0302476	0.0005061	1.04905E-05	0.022145	
-1.12	173515.313342899	-0.001768001	-0.0164981	0.00050867	0.00123645	0.013131893	0.0303466	0.0005061	8.82155E-06	0.022145	
-1.1	173515.6503239279	-0.001772321	-0.0165833	0.0005084310000000001	0.0012374	0.013124706	0.0304566	0.0005057999999999999	1.14442E-05	0.022145	
-1.08	173516.010498618	-0.001733032	-0.0166685	0.0005084310000000001	0.00123788	0.013240232	0.0305666	0.0005055	1.00136E-05	0.022145	
-1.06	173516.3509106013	-0.001807804	-0.0167644	0.0005087890000000001	0.00123978	0.013209792	0.0307095	0.0005055	1.02521E-05	0.022145	
-1.04	173516.7202937015	-0.001845756	-0.0168922	0.000508312	0.00124026	0.013303545	0.0307975	0.0005052	8.82155E-06	0.022145	
-1.02	173517.0546031171	-0.001861183	-0.0169454	0.000507716	0.00123978	0.013253867	0.0308855	0.0005067	9.05996E-06	0.022145	
-1	173517.4102438403	-0.001856658	-0.017052	0.000507955	0.00124169	0.013368865	0.0310065	0.0005064000000000001	8.82155E-06	0.022145	
-0.9800000000000004	173517.7833990064	-0.001956217	-0.0171372	0.000507358	0.00124265	0.013385248	0.0312155	0.0005067	7.867869999999999E-06	0.022145	
-0.96	173518.1143491459	-0.001924436	-0.0172543	0.000507239	0.00124217	0.013427104	0.0313035	0.0005076000000000001	8.344710000000001E-06	0.022145	
-0.9400000000000004	173518.4934638431	-0.002016899	-0.0173715	0.000508074	0.00124408	0.013373199	0.0314245	0.0005061	8.82155E-06	0.022145	
-0.9199999999999999	173518.8545133914	-0.001984501	-0.0174567	0.00050867	0.00124455	0.013507117	0.0315235	0.0005057999999999999	6.67575E-06	0.022145	
-0.9000000000000004	173519.2194985213	-0.002090645	-0.0175632	0.000508074	0.00124551	0.013455431	0.0316775	0.0005073	8.82155E-06	0.022145	
-0.8799999999999999	173519.5484416709	-0.002023276	-0.0176271	0.0005084310000000001	0.00124646	0.013515678	0.0317765	0.0005057999999999999	8.10629E-06	0.022145	
-0.8600000000000003	173519.914502614	-0.002145052	-0.0177336	0.0005084310000000001	0.00124741	0.013523711	0.0318974	0.0005067	8.82155E-06	0.022145	
-0.8399999999999999	173520.2514884429	-0.002144435	-0.0178188	0.000507597	0.00124741	0.013529419	0.0319854	0.0005055	6.19891E-06	0.022145	
-0.8200000000000003	173520.6375351271	-0.002141967	-0.017936	0.0005087890000000001	0.00124884	0.013565461	0.0321174	0.0005055	8.344710000000001E-06	0.022145	
-0.7999999999999998	173520.9875183915	-0.002171896	-0.0180212	0.00050867	0.00124884	0.013605838	0.0322934	0.0005055	7.62945E-06	0.022145	
-0.7800000000000003	173521.3507125262	-0.002200695	-0.0180851	0.000507955	0.00125123	0.013634062	0.0323374	0.0005073	7.15259E-06	0.022145	
-0.7599999999999998	173521.7005169151	-0.00222939	-0.0181809	0.000508193	0.00125218	0.013682259	0.0325134	0.0005061	9.775220000000001E-06	0.022145	
-0.7400000000000002	173522.0385843169	-0.002254074	-0.0182768	0.000508193	0.00125314	0.013788062	0.0326014	0.0005052	7.867869999999999E-06	0.022145	
-0.7199999999999998	173522.3816048752	-0.002267342	-0.0182235	0.000507835	0.0012517	0.013669153	0.0324804	0.0005057999999999999	9.298379999999999E-06	0.022145	
-0.7000000000000002	173522.7076357774	-0.002156469	-0.0177549	0.0005084310000000001	0.00125027	0.013575291	0.0319414	0.0005052	1.14442E-05	0.022145	
-0.6799999999999997	173523.0496218015	-0.001978844	-0.0171585	0.0005087890000000001	0.00124789	0.013335254	0.0312045	0.0005055	8.82155E-06	0.022145	
-0.6600000000000001	173523.4056042761	-0.001704131	-0.0165407	0.0005091470000000001	0.00124408	0.013201653	0.0304236	0.0005064000000000001	1.21594E-05	0.022145	
-0.6399999999999997	173523.7505751856	-0.00151396	-0.015891	0.000508551	0.00123788	0.012965209	0.0295986	0.0005067	6.43733E-06	0.022145	
-0.6200000000000001	173524.1086593679	-0.001344463	-0.0152839	0.000508551	0.00123168	0.01270213	0.0287297	0.0005057999999999999	1.00136E-05	0.022145	
-0.5999999999999996	173524.4487539191	-0.001199855	-0.0146342	0.000508551	0.00122548	0.012466	0.0279378	0.0005067	8.344710000000001E-06	0.022145	
-0.5800000000000001	173524.8107976825	-0.001000017	-0.0139845	0.0005084310000000001	0.00122023	0.012324261	0.0270908	0.0005043000000000001	1.21594E-05	0.022145	
-0.5599999999999996	173525.1467928161	-0.000775492	-0.0133242	0.0005084310000000001	0.00121499	0.012121429	0.0262439	0.0005064000000000001	1.14442E-05	0.022145	
-0.54	173525.5137753362	-0.000527314	-0.0126851	0.000508074	0.00120974	0.011908555	0.025397	0.0005055	1.14442E-05	0.022145	
-0.5199999999999996	173525.9148165262	-0.000413767	-0.0120141	0.000507955	0.00120211	0.01162328	0.024605	0.0005052	1.04905E-05	0.022145	
-0.5	173526.2468808779	-0.000204467	-0.011439	0.000507955	0.00119496	0.011403007	0.0238131	0.0005061	1.1921E-05	0.022145	
-0.4800000000000004	173526.6098129391	-9.668E-06	-0.0107893	0.0005084310000000001	0.00118781	0.011205248	0.0229772	0.0005061	1.21594E-05	0.022145	
-0.46	173527.0099859908	0.000240156	-0.0101396	0.000508074	0.00118113	0.010977366	0.0220862	0.0005067	1.26362E-05	0.022145	
-0.4400000000000004	173527.3889746112	0.000438451	-0.0095218	0.000508193	0.0011735	0.010847887	0.0211843	0.0005073	1.62126E-05	0.022145	
-0.4199999999999999	173527.7538327043	0.00060908	-0.0089041	0.000508193	0.00116683	0.010543269	0.0203704	0.0005064000000000001	1.31131E-05	0.022145	
-0.4000000000000004	173528.1050658576	0.000884616	-0.0082757	0.000507716	0.00115824	0.010374469	0.0193804	0.0005052	8.58313E-06	0.022145	
-0.3799999999999999	173528.4379756281	0.001067587	-0.0076792	0.000508074	0.00114919	0.010207891	0.0184235	0.0005061	1.31131E-05	0.022145	
-0.3600000000000003	173528.790023481	0.001230502	-0.0070402	0.000509027	0.00114013	0.00989376	0.0174336	0.0005067	1.6451E-05	0.022145	
-0.3399999999999999	173529.147915668	0.001394549	-0.0064437	0.000508551	0.00112916	0.009716612	0.0163887	0.0005067	1.4782E-05	0.022145	
-0.3200000000000003	173529.4950490836	0.001689832	-0.005794	0.000509027	0.00111962	0.009507967000000001	0.0152998	0.0005067	1.31131E-05	0.022145	
-0.2999999999999998	173529.8535796547	0.00185213	-0.0052402	0.000509266	0.00110722	0.009258838	0.0141339	0.0005067	1.62126E-05	0.022145	
-0.2800000000000003	173530.2110817714	0.001994784	-0.0045905	0.0005087890000000001	0.00109435	0.009019752000000001	0.012913	0.0005073	1.50204E-05	0.022145	
-0.2599999999999998	173530.5779036555	0.002209538	-0.0039621	0.000508193	0.00107909	0.008864906000000001	0.0116811	0.0005085	1.71663E-05	0.022145	
-0.2400000000000002	173530.8950202203	0.002484148	-0.0033657	0.00050867	0.00106288	0.008663765	0.0103942	0.0005067	1.59742E-05	0.022145	
-0.2199999999999998	173531.2922023066	0.002611271	-0.0027905	0.00050867	0.00104476	0.008370983	0.0091293	0.0005073	1.54973E-05	0.022145	
-0.2000000000000002	173531.6498903387	0.002799282	-0.0022473	0.0005084310000000001	0.00102521	0.00821582	0.007831400000000001	0.0005073	1.62126E-05	0.022145	
-0.1799999999999997	173532.0083053927	0.003025347	-0.0016722	0.0005087890000000001	0.00100518	0.008012564999999999	0.0064235	0.0005070000000000001	2.19346E-05	0.022145	
-0.1600000000000001	173532.3522126488	0.003292244	-0.001097	0.000509623	0.000981815	0.007796733	0.0050046	0.0005070000000000001	2.00273E-05	0.022145	
-0.1399999999999997	173532.7170489825	0.003409596	-0.0005006	0.0005084310000000001	0.0009579700000000001	0.007564094	0.0035417	0.0005052	2.28883E-05	0.022145	
-0.1200000000000001	173533.0841214203	0.003649135	-3.2E-05	0.000507955	0.000937942	0.007382295	0.0021228	0.0005070000000000001	1.9312E-05	0.022145	
-0.09999999999999965	173533.4781957443	0.003891553	0.0005645	0.000509623	0.000926975	0.007160331	0.000605	0.0005070000000000001	2.19346E-05	0.022145	
-0.08000000000000007	173533.8422228181	0.004043361	0.001097	0.000509623	0.000922207	0.006932343	-0.0008469	0.0005064000000000001	2.36036E-05	0.022145	
-0.05999999999999961	173534.2053356748	0.00426624	0.0016935	0.000509743	0.000926498	0.00671038	-0.0023538	0.0005067	2.19346E-05	0.022145	
-0.04000000000000004	173534.5773167902	0.004473689	0.0022047	0.000509385	0.00093985	0.006508499	-0.0036847	0.0005076000000000001	2.16962E-05	0.022145	
-0.01999999999999957	173534.9442529115	0.004709833	0.0027692	0.000509623	0.000960831	0.006266768	-0.0050376	0.0005067	2.0981E-05	0.022145	
0	173535.3032877899	0.004908643	0.003355	0.000509266	0.0009851529999999999	0.006073237	-0.0062365	0.0005067	1.59742E-05	0.022145	
0.01999999999999957	173535.6513130232	0.005055411	0.0039302	0.000509981	0.00101186	0.005766928	-0.0074574	0.0005070000000000001	1.71663E-05	0.022145	
0.04000000000000004	173536.0091959305	0.005222646	0.0045053	0.0005087890000000001	0.00103474	0.00556695	-0.008601299999999999	0.0005055	1.33515E-05	0.022145	
0.05999999999999961	173536.3412452425	0.005414874	0.0051337	0.0005084310000000001	0.00105668	0.005359361	-0.009624199999999999	0.0005073	1.59742E-05	0.022145	
0.08000000000000007	173536.7293449956	0.005710055	0.0057621	0.000508551	0.00107623	0.005212126	-0.0106911	0.0005073	1.54973E-05	0.022145	
0.09999999999999965	173537.088302116	0.005906499	0.0063159	0.0005091470000000001	0.00109387	0.005007708	-0.0116591	0.0005052	1.35899E-05	0.022145	
0.1200000000000001	173537.4433470141	0.006055838	0.006955	0.000509385	0.00110865	0.004778769	-0.012616	0.0005055	1.26362E-05	0.022145	
0.1399999999999997	173537.8012465609	0.006315743	0.0075727	0.00050867	0.00112153	0.004587246	-0.0135289	0.0005064000000000001	9.775220000000001E-06	0.022145	
0.1600000000000001	173538.1364257148	0.006501182	0.008179799999999999	0.000508074	0.00113154	0.0042988	-0.0144308	0.0005070000000000001	9.775220000000001E-06	0.022145	
0.1799999999999997	173538.5025884154	0.006617506	0.008797599999999999	0.000508193	0.00114299	0.004089411	-0.0152998	0.0005055	9.298379999999999E-06	0.022145	
0.2000000000000002	173538.885296943	0.00690199	0.009447300000000001	0.00050867	0.00115252	0.003863114	-0.0161247	0.0005052	1.09673E-05	0.022145	
0.2199999999999998	173539.28245055	0.007033947	0.0100437	0.0005087890000000001	0.00116206	0.00368808	-0.0169826	0.0005064000000000001	6.67575E-06	0.022145	
0.2400000000000002	173539.6325496516	0.007232654	0.0107041	0.00050867	0.00116921	0.003446352	-0.0177966	0.0005061	5.48366E-06	0.022145	
0.2599999999999998	173540.0264710193	0.007457074	0.0112686	0.000508193	0.00117589	0.003283473	-0.0185665	0.0005067	9.05996E-06	0.022145	
0.2800000000000003	173540.4065920915	0.007726337	0.0119396	0.0005084310000000001	0.00118256	0.003060664	-0.0194244	0.0005064000000000001	1.23978E-05	0.022145	
0.2999999999999998	173540.7365096167	0.007842043	0.0125786	0.000507955	0.00118733	0.002740403	-0.0202274	0.0005055	9.298379999999999E-06	0.022145	
0.3200000000000003	173541.1056645626	0.008136401	0.013207	0.000508551	0.00119305	0.002567166	-0.0210743	0.0005057999999999999	1.14442E-05	0.022145	
0.3399999999999999	173541.4877091068	0.008332228000000001	0.0138887	0.000509027	0.0011983	0.002397417	-0.0219652	0.0005055	1.00136E-05	0.022145	
0.3600000000000003	173541.8426263281	0.008470668000000001	0.0145277	0.000509027	0.00120497	0.002162981	-0.0228342	0.0005070000000000001	1.07289E-05	0.022145	
0.3799999999999999	173542.1965883732	0.008559119	0.0146981	0.0005087890000000001	0.00120784	0.002109076	-0.0230542	0.0005061	1.09673E-05	0.022145	
0.4000000000000004	173542.5835927935	0.00845812	0.0145703	0.0005087890000000001	0.00120879	0.002075779	-0.0229442	0.0005067	1.33515E-05	0.022145	
0.4199999999999999	173542.9456698361	0.00846532	0.0144851	0.0005087890000000001	0.00120879	0.002191519	-0.0227572	0.0005070000000000001	1.40668E-05	0.022145	
0.4400000000000004	173543.3035985022	0.008480438999999999	0.0143679	0.0005087890000000001	0.00121022	0.002222066	-0.0226692	0.0005064000000000001	8.344710000000001E-06	0.022145	
0.46	173543.6475441573	0.008406695000000001	0.0142295	0.000508312	0.00120974	0.002174502	-0.0224382	0.0005070000000000001	1.21594E-05	0.022145	
0.4800000000000004	173544.0059320119	0.008339015999999999	0.0141017	0.000507955	0.00120831	0.002206106	-0.0222732	0.0005064000000000001	8.10629E-06	0.022145	
0.5	173544.3378914062	0.008310424	0.0140378	0.000507955	0.00120784	0.002240563	-0.0221412	0.0005073	1.21594E-05	0.022145	
0.5199999999999996	173544.7015751287	0.008324514999999999	0.0139419	0.0005087890000000001	0.00120688	0.002290663	-0.0219872	0.0005073	9.775220000000001E-06	0.022145	
0.54	173545.0427426132	0.008309601	0.0138248	0.00050867	0.00120593	0.002332202	-0.0218772	0.0005070000000000001	1.00136E-05	0.022145	
0.5599999999999996	173545.3916471845	0.008219298999999999	0.0137609	0.000508551	0.00120545	0.002326283	-0.0217783	0.0005070000000000001	8.10629E-06	0.022145	
0.5800000000000001	173545.7446697331	0.008169416000000001	0.013633	0.000508551	0.0012045	0.002416019	-0.0216683	0.0005076000000000001	1.07289E-05	0.022145	
0.5999999999999996	173546.1028214336	0.008184844	0.0135904	0.0005084310000000001	0.00120354	0.002485251	-0.0215473	0.0005061	9.5368E-06	0.022145	
0.6200000000000001	173546.4818974118	0.008176513	0.0134307	0.000508193	0.00120259	0.002437582	-0.0213823	0.0005067	1.14442E-05	0.022145	
0.6399999999999997	173546.8369682293	0.008182992	0.0133774	0.000507955	0.00120164	0.002514	-0.0212613	0.0005064000000000001	1.12057E-05	0.022145	
0.6600000000000001	173547.2079893686	0.008087239	0.0132709	0.000508074	0.00120211	0.002495292	-0.0211293	0.0005064000000000001	1.07289E-05	0.022145	
0.6799999999999997	173547.5838500671	0.008023883000000001	0.0131857	0.0005084310000000001	0.00120116	0.002568329	-0.0209973	0.0005064000000000001	9.298379999999999E-06	0.022145	
0.7000000000000002	173547.9839783199	0.008035710999999999	0.0131325	0.000507955	0.00119925	0.002570971	-0.0208983	0.0005057999999999999	7.15259E-06	0.022145	
0.7199999999999998	173548.3419191457	0.007968961	0.0130259	0.000508193	0.00119973	0.002607542	-0.0208323	0.0005064000000000001	7.867869999999999E-06	0.022145	
0.7400000000000002	173548.6999041304	0.007944585000000001	0.012962	0.000508312	0.00119925	0.002681636	-0.0207113	0.0005064000000000001	1.21594E-05	0.022145	
0.7599999999999998	173549.0409397782	0.007901696	0.0128129	0.000507716	0.00119878	0.002697701	-0.0206343	0.0005055	1.09673E-05	0.022145	
0.7800000000000003	173549.3939828062	0.007949111	0.012749	0.000507358	0.00119687	0.002773803	-0.0205354	0.0005073	1.1921E-05	0.022145	
0.7999999999999998	173549.7808761893	0.007846466	0.0126638	0.000507716	0.00119639	0.00273924	-0.0204584	0.0005055	1.00136E-05	0.022145	
0.8200000000000003	173550.1810981998	0.007840603	0.0125999	0.000509027	0.00119544	0.002735224	-0.0202824	0.0005055	1.07289E-05	0.022145	
0.8399999999999999	173550.5778268575	0.007859631000000001	0.0124934	0.00050867	0.00119401	0.002857621	-0.0202274	0.0005052	1.1921E-05	0.022145	
0.8600000000000003	173550.9728131586	0.007803371	0.0124188	0.000508074	0.00119353	0.002889541	-0.0200844	0.0005061	1.12057E-05	0.022145	
0.8799999999999999	173551.3689536709	0.007728702	0.012323	0.000508193	0.00119353	0.002830457	-0.0199524	0.0005061	9.775220000000001E-06	0.022145	
0.9000000000000004	173551.7181142359	0.007709058	0.0122271	0.000508074	0.00119305	0.002895672	-0.0198864	0.0005064000000000001	1.09673E-05	0.022145	
0.9199999999999999	173552.0830718465	0.00773549	0.0121632	0.000508193	0.0011921	0.002892289	-0.0197764	0.0005082	7.62945E-06	0.022145	
0.9400000000000004	173552.4799950593	0.007676043	0.0120567	0.000508312	0.00119019	0.002984985	-0.0196884	0.0005057999999999999	8.10629E-06	0.022145	
0.96	173552.8380827615	0.007694247	0.0119822	0.0005084310000000001	0.00119019	0.003016589	-0.0196004	0.0005052	7.62945E-06	0.022145	
0.9800000000000004	173553.1954149625	0.007663906	0.0119076	0.000508193	0.00119019	0.00297135	-0.0194794	0.0005073	1.04905E-05	0.022145	
1	173553.543067405	0.007573912	0.0118224	0.000508908	0.00118972	0.00304037	-0.0193584	0.0005073	9.05996E-06	0.022145	
1.02	173553.8981635018	0.007537195	0.0117159	0.000508551	0.00118829	0.00302663	-0.0192375	0.0005061	1.16826E-05	0.022145	
1.04	173554.2382078143	0.00751539	0.0115987	0.0005084310000000001	0.00118781	0.003108651	-0.0190945	0.0005061	8.58313E-06	0.022145	
1.06	173554.5962155185	0.007537606	0.0115242	0.000507835	0.00118733	0.003170483	-0.0189955	0.0005061	9.775220000000001E-06	0.022145	
1.08	173554.9372882853	0.007503665	0.0114816	0.000508193	0.00118686	0.003180102	-0.0189185	0.0005061	9.298379999999999E-06	0.022145	
1.1	173555.2942227362	0.007506237	0.0113751	0.0005084310000000001	0.0011859	0.003134124	-0.0188085	0.0005067	1.04905E-05	0.022145	
1.12	173555.6413593517	0.007445863	0.0113005	0.000508551	0.00118542	0.003236967	-0.0187095	0.0005067	1.04905E-05	0.022145	
1.14	173555.9974666232	0.007404209	0.0111727	0.0005084310000000001	0.00118352	0.003168898	-0.0185775	0.0005076000000000001	1.21594E-05	0.022145	
1.16	173556.3254206775	0.007409146	0.0111194	0.000507955	0.00118256	0.003213185	-0.0184895	0.0005073	1.21594E-05	0.022145	
1.18	173556.6672252661	0.007408837	0.0110023	0.000507955	0.00118256	0.00331328	-0.0183905	0.0005061	1.16826E-05	0.022145	
1.2	173557.0782873259	0.007310307	0.0109597	0.000508193	0.00117923	0.003255675	-0.0182585	0.0005055	1.09673E-05	0.022145	
1.22	173557.4394472714	0.007316786	0.0108532	0.000507597	0.00117923	0.003404073	-0.0181265	0.0005070000000000001	1.14442E-05	0.022145	
1.24	173557.7901706773	0.007226792	0.010768	0.000507716	0.00117923	0.003379657	-0.0180056	0.0005061	7.867869999999999E-06	0.022145	
1.26	173558.1372093752	0.007272972	0.0106828	0.0005084310000000001	0.00117923	0.003372047	-0.0179176	0.0005078999999999999	1.31131E-05	0.022145	
1.28	173558.4922801927	0.007275132	0.0105763	0.0005084310000000001	0.00117684	0.003462946	-0.0177746	0.0005067	1.04905E-05	0.022145	
1.3	173558.8304928709	0.007152123	0.010523	0.000509623	0.00117827	0.003470134	-0.0176866	0.0005073	1.43052E-05	0.022145	
1.32	173559.1925046351	0.007181949	0.0104271	0.00050867	0.00117684	0.003550992	-0.0175326	0.0005067	1.12057E-05	0.022145	
1.34	173559.531489454	0.007119725	0.0103632	0.000508551	0.00117636	0.003472036	-0.0174556	0.0005061	1.26362E-05	0.022145	
1.36	173559.8955082081	0.007139472	0.010278	0.000508551	0.00117493	0.003542959	-0.0173346	0.0005064000000000001	1.04905E-05	0.022145	
1.38	173560.2366046544	0.007120239	0.0101715	0.000509027	0.00117398	0.003590945	-0.0172026	0.0005067	1.07289E-05	0.022145	
1.4	173560.5944139634	0.007040838	0.010065	0.000508551	0.00117255	0.003561561	-0.0171806	0.0005070000000000001	8.10629E-06	0.022145	
1.42	173560.9355296092	0.007036622	0.009969199999999999	0.0005087890000000001	0.0011716	0.003622971	-0.0169826	0.0005067	1.04905E-05	0.022145	
1.44	173561.2843679422	0.006953724	0.0099372	0.0005084310000000001	0.00117017	0.003633541	-0.0168946	0.0005064000000000001	1.00136E-05	0.022145	
1.46	173561.6266374791	0.007016771	0.009852	0.00050867	0.00117017	0.003709854	-0.0168177	0.0005073	1.14442E-05	0.022145	
1.48	173561.9984861178	0.00696586	0.009766800000000001	0.0005087890000000001	0.00116874	0.003699179	-0.0167077	0.0005067	7.867869999999999E-06	0.022145	
1.5	173562.3285962782	0.006865478	0.0096603	0.000508074	0.00116683	0.003755515	-0.0165757	0.0005078999999999999	1.1921E-05	0.022145	
1.52	173562.6946610613	0.006936034	0.0095751	0.000508193	0.00116492	0.003830771	-0.0164547	0.0005052	9.775220000000001E-06	0.022145	
1.54	173563.0866019984	0.006802225	0.009511199999999999	0.000508551	0.00116349	0.003808469	-0.0163227	0.0005076000000000001	1.31131E-05	0.022145	
1.56	173563.4756441279	0.006828349	0.0094047	0.000508908	0.00116301	0.003900848	-0.0162347	0.0005082	1.14442E-05	0.022145	
1.58	173563.8355829839	0.006752549	0.0092982	0.000508551	0.00116301	0.003856984	-0.0161027	0.0005067	1.00136E-05	0.022145	
1.6	173564.1936348469	0.006743806	0.009234300000000001	0.000508193	0.00116158	0.003933931	-0.0159597	0.0005061	1.12057E-05	0.022145	
1.62	173564.5257295978	0.006699375	0.0091597	0.000508074	0.00115968	0.003945558	-0.0159047	0.0005070000000000001	1.00136E-05	0.022145	
1.64	173564.9128028165	0.006708837	0.0090425	0.00050867	0.00115777	0.003915434	-0.0157287	0.0005070000000000001	1.1921E-05	0.022145	
1.66	173565.2717736965	0.006702872	0.0089999	0.00050867	0.00115681	0.003955493	-0.0156297	0.0005073	1.02521E-05	0.022145	
1.68	173565.6298293995	0.006631391	0.008914699999999999	0.000509385	0.00115824	0.003979169	-0.0155418	0.0005061	9.5368E-06	0.022145	
1.7	173565.9908325488	0.006674999	0.008797599999999999	0.000509027	0.00115681	0.004099875	-0.0153878	0.0005073	1.00136E-05	0.022145	
1.72	173566.3768629135	0.00663931	0.0086698	0.000509027	0.00115491	0.004119852	-0.0153218	0.0005073	8.344710000000001E-06	0.022145	
1.74	173566.7345416659	0.006630054	0.008659099999999999	0.000508908	0.00115348	0.004113404	-0.0152118	0.0005067	1.26362E-05	0.022145	
1.76	173567.087822128	0.006544174	0.008573900000000001	0.0005087890000000001	0.00115157	0.00406489	-0.0151238	0.0005076000000000001	1.12057E-05	0.022145	
1.78	173567.4460592664	0.006469093	0.0084993	0.00050867	0.00115014	0.00408772	-0.0150358	0.0005057999999999999	1.21594E-05	0.022145	
1.8	173567.7947756824	0.006455928	0.0084035	0.000509504	0.00114966	0.004189717	-0.0149258	0.0005073	1.4782E-05	0.022145	
1.82	173568.1300764333	0.006497994	0.008318300000000001	0.000508908	0.00114919	0.004235276	-0.0148158	0.0005061	1.38283E-05	0.022145	
1.84	173568.4869968046	0.006431655	0.0082118	0.00050867	0.00114823	0.004174709	-0.0147058	0.0005067	1.38283E-05	0.022145	
1.86	173568.8689424712	0.0064441	0.008158500000000001	0.00050867	0.00114585	0.004238975	-0.0145848	0.0005052	1.40668E-05	0.022145	
1.88	173569.2339276012	0.006374265	0.008052	0.0005087890000000001	0.00114585	0.004340973	-0.0144308	0.0005064000000000001	1.4782E-05	0.022145	
1.9	173569.5889571396	0.006308338	0.0079881	0.000508312	0.00114346	0.004324484	-0.0142989	0.0005057999999999999	1.04905E-05	0.022145	
1.92	173569.970993364	0.006292704	0.007924199999999999	0.000508193	0.00114156	0.004309052	-0.0141669	0.0005061	1.21594E-05	0.022145	
1.94	173570.3249323697	0.00624138	0.0078177	0.00050867	0.0011406	0.004351119	-0.0140459	0.0005052	1.43052E-05	0.022145	
1.96	173570.6911123498	0.006278098	0.0077431	0.000509385	0.00113965	0.004469923	-0.0139359	0.0005061	1.23978E-05	0.022145	
1.98	173571.0282687344	0.006188515	0.0076153	0.0005091470000000001	0.00113917	0.004470663	-0.0137929	0.0005073	1.45436E-05	0.022145	
2	173571.3850431893	0.006255162	0.0075514	0.000508193	0.00113679	0.004491696	-0.0136499	0.0005057999999999999	1.1921E-05	0.022145	
2.02	173571.7300032191	0.006213405	0.0074662	0.000509385	0.00113583	0.004493916	-0.0135399	0.0005067	1.23978E-05	0.022145	
2.04	173572.0840855812	0.00617967	0.0073704	0.000509027	0.0011344	0.004515161	-0.0134189	0.0005067	9.775220000000001E-06	0.022145	
2.06	173572.4281777927	0.006079082	0.0073065	0.0005087890000000001	0.00113297	0.004550041	-0.0132759	0.0005061	1.14442E-05	0.022145	
2.08	173572.7888363107	0.006145009	0.0071893	0.000508074	0.00113059	0.004634281	-0.013111	0.0005057999999999999	1.02521E-05	0.022145	
2.1	173573.1210760179	0.006117034	0.0070934	0.000508074	0.00112916	0.004682902	-0.01299	0.0005061	1.26362E-05	0.022145	
2.12	173573.4809995143	0.00601984	0.0070615	0.00050867	0.00112725	0.004718522	-0.012836	0.0005052	1.04905E-05	0.022145	
2.14	173573.8242079078	0.00604833	0.0069656	0.000507716	0.00112773	0.004695374	-0.012693	0.0005055	1.21594E-05	0.022145	
2.16	173574.1860951951	0.005941777	0.0068804	0.000509027	0.0011263	0.004710066	-0.012605	0.0005055	1.26362E-05	0.022145	
2.18	173574.5269430075	0.005913493	0.0067739	0.0005091470000000001	0.00112439	0.004732051	-0.012495	0.0005061	1.31131E-05	0.022145	
2.2	173574.884976631	0.0058885	0.0067526	0.00050867	0.00112057	0.004799908	-0.012363	0.0005057999999999999	1.31131E-05	0.022145	
2.22	173575.2613237174	0.005885723	0.0066674	0.000508193	0.00111819	0.004866497	-0.012176	0.0005076000000000001	1.26362E-05	0.022145	
2.24	173575.6301218722	0.005831213	0.0065609	0.0005087890000000001	0.00111771	0.004837325	-0.012011	0.0005070000000000001	1.14442E-05	0.022145	
2.26	173576.0271785216	0.005885209	0.0064757	0.000508193	0.00111581	0.004937948	-0.011923	0.0005046	1.57357E-05	0.022145	
2.28	173576.4063104985	0.005773411	0.0063905	0.0005084310000000001	0.00111295	0.004863009	-0.0118571	0.0005052	1.09673E-05	0.022145	
2.3	173576.7683465821	0.005752532	0.0063053	0.0005084310000000001	0.00111199	0.004962047	-0.0116701	0.0005049000000000001	1.26362E-05	0.022145	
2.32	173577.1803913374	0.005751298	0.0062201	0.00050867	0.00110961	0.005022294	-0.0115711	0.0005064000000000001	1.1921E-05	0.022145	
2.34	173577.5293432676	0.005780405	0.0061562	0.000508193	0.00110961	0.005040368	-0.0114171	0.0005067	1.43052E-05	0.022145	
2.36	173577.8873900108	0.005751298	0.0060497	0.00050867	0.00110722	0.005030116	-0.0112851	0.0005067	1.23978E-05	0.022145	
2.38	173578.2244990365	0.00572466	0.0059645	0.0005091470000000001	0.00110532	0.005114779	-0.0110981	0.0005052	1.52589E-05	0.022145	
2.4	173578.5863575245	0.005664492	0.0058686	0.000508908	0.00110198	0.005073134	-0.0109441	0.0005073	1.21594E-05	0.022145	
2.42	173578.9194532105	0.0056792	0.0058153	0.0005084310000000001	0.00110007	0.00517936	-0.0108561	0.0005061	1.59742E-05	0.022145	
2.44	173579.2883937617	0.0055818	0.0057301	0.000508312	0.00109721	0.005189401	-0.0107241	0.0005073	1.33515E-05	0.022145	
2.46	173579.6254720682	0.005532124	0.0056343	0.0005087890000000001	0.00109673	0.005179782	-0.0105592	0.0005061	1.59742E-05	0.022145	
2.48	173579.9864243389	0.005598051	0.0055597	0.000507835	0.00109435	0.005254193	-0.0103282	0.0005061	1.38283E-05	0.022145	
2.5	173580.327202713	0.005567093	0.0054958	0.000508074	0.00109292	0.005273324	-0.0102622	0.0005061	1.6451E-05	0.022145	
2.52	173580.6784569857	0.005471956	0.0053893	0.000508074	0.00108958	0.005316026	-0.0101302	0.0005049000000000001	1.21594E-05	0.022145	
2.54	173581.0675215147	0.005515462	0.0053467	0.0005084310000000001	0.0010872	0.00535841	-0.009943199999999999	0.0005067	1.62126E-05	0.022145	
2.56	173581.4676062485	0.00543421	0.0052189	0.000508193	0.00108481	0.005398046	-0.009811200000000001	0.0005055	1.4782E-05	0.022145	
2.58	173581.822555149	0.005368591	0.0051337	0.0005087890000000001	0.0010829	0.005380184	-0.009679200000000001	0.0005064000000000001	1.26362E-05	0.022145	
2.6	173582.1724536156	0.005334754	0.0050485	0.0005091470000000001	0.00108147	0.005390648	-0.0095692	0.0005057999999999999	1.59742E-05	0.022145	
2.62	173582.5654070074	0.005403046	0.0050272	0.0005091470000000001	0.00107718	0.005453854	-0.0094482	0.0005057999999999999	1.31131E-05	0.022145	
2.64	173582.9596998859	0.005371985	0.00491	0.0005084310000000001	0.00107432	0.005468969	-0.009272300000000001	0.0005070000000000001	1.09673E-05	0.022145	
2.66	173583.3145703883	0.0053292	0.0048355	0.000509027	0.00107289	0.005521606	-0.009140300000000001	0.0005073	1.54973E-05	0.022145	
2.68	173583.6845931526	0.005237868	0.004729	0.0005091470000000001	0.00107051	0.005459562	-0.0089643	0.0005067	1.6451E-05	0.022145	
2.7	173584.0257180781	0.005234576	0.0046757	0.000509027	0.00106955	0.005486092	-0.008821300000000001	0.0005055	1.43052E-05	0.022145	
2.72	173584.3996994635	0.005264815	0.0045798	0.0005084310000000001	0.00106622	0.005603098	-0.008689300000000001	0.0005055	1.31131E-05	0.022145	
2.74	173584.755650899	0.005142937	0.0044627	0.000508551	0.00106383	0.005582804	-0.0085133	0.0005061	1.52589E-05	0.022145	
2.76	173585.1247136871	0.005174203	0.0043988	0.0005091470000000001	0.00106097	0.005589358	-0.0083263	0.0005067	1.83583E-05	0.022145	
2.78	173585.477804714	0.005091306	0.0043349	0.000509027	0.00105716	0.005632165	-0.008238300000000001	0.0005057999999999999	1.66894E-05	0.022145	
2.8	173585.8227199449	0.005074644	0.004239	0.0005084310000000001	0.00105525	0.005703193	-0.0080074	0.0005061	1.81199E-05	0.022145	
2.82	173586.1808710055	0.005083283	0.0041964	0.000509027	0.00105191	0.00577549	-0.007831400000000001	0.0005061	1.74047E-05	0.022145	
2.84	173586.5217671367	0.005057159	0.0040899	0.000509027	0.00104953	0.005802654	-0.0076554	0.0005057999999999999	2.00273E-05	0.022145	
2.86	173586.8758053399	0.005032989	0.004026	0.000508074	0.00104619	0.005832883	-0.0075234	0.0005049000000000001	1.69278E-05	0.022145	
2.88	173587.2549177973	0.005017459	0.0039515	0.0005091470000000001	0.0010419	0.005763546	-0.0073914	0.0005046	1.97889E-05	0.0221288	
2.9	173587.637778961	0.005024453	0.0038662	0.0005087890000000001	0.00103951	0.005908139	-0.0071824	0.0005055	1.90736E-05	0.0221288	
2.92	173587.976883137	0.004973131	0.0038236	0.0005087890000000001	0.00103761	0.005840705	-0.0070614	0.0005061	1.59742E-05	0.0221288	
2.94	173588.3557239211	0.004939807	0.0037171	0.000508551	0.00103188	0.005964581	-0.0068854	0.0005064000000000001	1.85968E-05	0.0221288	
2.96	173588.7220312581	0.004946184	0.0036106	0.0005087890000000001	0.0010295	0.005951686	-0.0067095	0.0005052	1.4782E-05	0.0221288	
2.98	173589.0850324376	0.00491862	0.0035041	0.00050867	0.00102807	0.005965744	-0.0065445	0.0005061	1.57357E-05	0.0221288	
3	173589.4589610243	0.004846933	0.0034935	0.000508551	0.00102425	0.006042268	-0.0064235	0.0005067	1.54973E-05	0.0221288	
3.02	173589.8609541906	0.004867092	0.0033444	0.000509027	0.00101949	0.006018064	-0.0062365	0.0005052	1.4782E-05	0.0221288	
3.039999999999999	173590.2610302847	0.004830066	0.0033124	0.000509385	0.00101615	0.006098605	-0.0060605	0.0005061	1.59742E-05	0.0221288	
3.060000000000001	173590.6640474254	0.004817415	0.0031952	0.0005091470000000001	0.00101233	0.006088986	-0.0059505	0.0005061	1.74047E-05	0.0221288	
3.08	173591.0848737216	0.004757865	0.0031526	0.000509623	0.00100804	0.006073343	-0.0058075	0.0005064000000000001	1.54973E-05	0.0221288	
3.1	173591.4150126813	0.004670133	0.0030568	0.000509743	0.00100709	0.006138452	-0.0055876	0.0005073	1.81199E-05	0.0221288	
3.119999999999999	173591.7700268601	0.00465162	0.0030035	0.000509027	0.00100423	0.006123761	-0.0054446	0.0005061	1.62126E-05	0.0221288	
3.140000000000001	173592.124118182	0.004618708	0.0029183	0.000509027	0.00100089	0.006165828	-0.0052576	0.0005073	1.97889E-05	0.0221288	
3.16	173592.4770898518	0.004631976	0.0028544	0.000509027	0.0009970739999999999	0.006262752	-0.0050816	0.0005070000000000001	1.6451E-05	0.0221288	
3.18	173592.8121611685	0.004653471	0.0027053	0.000509027	0.0009942130000000001	0.006267085	-0.0049386	0.0005073	1.90736E-05	0.0221288	
3.199999999999999	173593.1810930799	0.004576848	0.002684	0.000508908	0.000988968	0.006311163	-0.0047956	0.0005061	1.76431E-05	0.0221288	
3.220000000000001	173593.5211239528	0.004592173	0.0025988	0.000509027	0.0009870600000000001	0.006343718	-0.0045756	0.0005061	2.00273E-05	0.0221288	
3.24	173593.87219519	0.004505778	0.0025029	0.000509027	0.0009832459999999999	0.006359784	-0.0044436	0.0005057999999999999	1.76431E-05	0.0221288	
3.26	173594.2591141725	0.004472558	0.0024497	0.0005087890000000001	0.00097657	0.006304398	-0.0042787	0.0005067	1.97889E-05	0.0221288	
3.279999999999999	173594.6180936924	0.004464021	0.0023538	0.0005087890000000001	0.000976089	0.00633188	-0.0041247	0.0005057999999999999	1.71663E-05	0.0221288	
3.300000000000001	173594.9750991815	0.004428949	0.0023325	0.000509981	0.000973705	0.006445715	-0.0039597	0.0005057999999999999	1.95504E-05	0.0221288	
3.32	173595.3582214588	0.00441743	0.0022367	0.0005101	0.000968937	0.006384622	-0.0037837	0.0005082	1.69278E-05	0.0221288	
3.34	173595.7160995662	0.004348623	0.0021089	0.0005101	0.000967029	0.006431763	-0.0035747	0.0005057999999999999	1.69278E-05	0.0221288	
3.359999999999999	173596.076403533	0.004409407	0.0020876	0.000509385	0.000963692	0.006475944	-0.0034097	0.0005064000000000001	2.02657E-05	0.0221288	
3.380000000000001	173596.4140783046	0.004359936	0.0020024	0.000509743	0.000962261	0.006563673	-0.0032117	0.0005061	1.81199E-05	0.0221288	
3.4	173596.7652756187	0.004263771	0.0019384	0.000510219	0.000957493	0.006522768	-0.0030468	0.0005061	2.02657E-05	0.0221288	
3.42	173597.1161628606	0.004290307	0.0018532	0.000509266	0.000954155	0.00652541	-0.0028048	0.0005076000000000001	1.76431E-05	0.0221288	
3.44	173597.4712989564	0.004311288	0.0018	0.000509027	0.000949863	0.006600667	-0.0026398	0.0005070000000000001	2.19346E-05	0.0221288	
3.460000000000001	173597.8225116301	0.004242893	0.0016935	0.000509623	0.000947956	0.00668237	-0.0024308	0.0005064000000000001	1.85968E-05	0.0221288	
3.48	173598.1814053921	0.004197227	0.0016083	0.0005101	0.000945572	0.006708477	-0.0022328	0.0005073	2.31267E-05	0.0221288	
3.5	173598.552406052	0.004234356	0.0015444	0.000509862	0.000941757	0.006719153	-0.0020238	0.0005067	2.05041E-05	0.0221288	
3.52	173598.9544916959	0.004129344	0.0014379	0.0005084310000000001	0.000937942	0.006679516	-0.0018149	0.0005052	1.95504E-05	0.0221288	
3.539999999999999	173599.3563367058	0.004107128	0.0014166	0.0005091470000000001	0.000936035	0.006803182	-0.0016279	0.0005067	2.14578E-05	0.0221288	
3.560000000000001	173599.7173676945	0.004112785	0.0013101	0.0005091470000000001	0.000935081	0.006745894	-0.0014409	0.0005070000000000001	2.14578E-05	0.0221288	
3.58	173600.0754765161	0.004048606	0.0012248	0.000509743	0.000933651	0.006775172	-0.0012759	0.0005064000000000001	1.81199E-05	0.0221288	
3.6	173600.4684004687	0.004043669	0.0011822	0.000509266	0.000929836	0.006901797	-0.0010229	0.0005061	1.9312E-05	0.0221288	
3.619999999999999	173600.819592343	0.003969514	0.001097	0.000509266	0.000928883	0.006852648	-0.0008689	0.0005057999999999999	2.12194E-05	0.0221288	
3.640000000000001	173601.2194914815	0.003997695	0.0010012	0.0005087890000000001	0.000925545	0.006869876	-0.0006489	0.0005064000000000001	1.81199E-05	0.0221288	
3.66	173601.5734858458	0.003946784	0.0009266	0.0005091470000000001	0.000925068	0.006895983	-0.000473	0.0005052	2.07425E-05	0.0221288	
3.68	173601.9533608441	0.003902353	0.0008627	0.0005091470000000001	0.0009236370000000001	0.006986037	-0.000264	0.0005067	1.97889E-05	0.0221288	
3.699999999999999	173602.3494034389	0.003891142	0.0007882	0.000508908	0.000921253	0.006963735	-3.3E-05	0.0005064000000000001	1.97889E-05	0.0221288	
3.720000000000001	173602.7113486448	0.003826655	0.0007136	0.000509743	0.000919346	0.007047553	0.000154	0.0005057999999999999	2.07425E-05	0.0221288	
3.74	173603.0655241245	0.003811844	0.000639	0.000509385	0.000918869	0.007075245	0.000385	0.0005067	2.31267E-05	0.0221288	
3.76	173603.4585069557	0.003866047	0.0005432	0.000508908	0.000919346	0.007118898	0.000561	0.0005061	2.19346E-05	0.0221288	
3.779999999999999	173603.8164337018	0.003825832	0.0005432	0.000509385	0.000920299	0.007091734	0.0007479	0.0005064000000000001	2.2173E-05	0.0221288	
3.800000000000001	173604.1718129916	0.003814107	0.0004367	0.000509027	0.000919823	0.007208846	0.0010559	0.0005049000000000001	1.95504E-05	0.0221288	
3.82	173604.5156924083	0.003745609	0.0003408	0.000509743	0.000918869	0.007146908	0.0012319	0.0005061	2.28883E-05	0.0221288	
3.84	173604.8686195993	0.003676082	0.0003089	0.000509862	0.0009179150000000001	0.007206309	0.0014299	0.0005061	2.2173E-05	0.0221288	
3.859999999999999	173605.2686537744	0.003667648	0.000213	0.000509623	0.000918869	0.007195951	0.0015509	0.0005070000000000001	2.0981E-05	0.0221288	
3.880000000000001	173605.613701162	0.003624657	0.0001172	0.000509743	0.000918869	0.007217407	0.0017599	0.0005067	2.19346E-05	0.0221288	
3.9	173605.9927643406	0.003657466	5.33E-05	0.000509623	0.000920776	0.007348367	0.0019908	0.0005061	2.31267E-05	0.0221288	
3.92	173606.3549239411	0.003641113	-5.33E-05	0.000509623	0.000921253	0.007314543	0.0021558	0.0005057999999999999	2.36036E-05	0.0221288	
3.94	173606.7577375669	0.003566958	-0.0001172	0.000509623	0.000922684	0.007316657	0.0024088	0.0005067	2.16962E-05	0.0221288	
3.960000000000001	173607.1058450381	0.003523143	-0.0001385	0.0005087890000000001	0.000922207	0.007429436	0.0025518	0.0005064000000000001	2.16962E-05	0.0221288	
3.98	173607.4898274539	0.003564181	-0.0002343	0.000508908	0.0009236370000000001	0.007446242	0.0028048	0.0005061	2.33651E-05	0.0221288	
4	173607.8707494661	0.003538674	-0.0002982	0.000508551	0.000925545	0.007449201	0.0029808	0.0005061	2.05041E-05	0.0221288	
4.02	173608.2528749683	0.003497019	-0.0003941	0.000508908	0.000928406	0.007531539	0.0031787	0.0005052	1.95504E-05	0.0221288	
4.039999999999999	173608.6529059435	0.003407745	-0.0004686	0.000509504	0.0009312670000000001	0.007564622	0.0034427	0.0005049000000000001	2.31267E-05	0.0221288	
4.060000000000001	173609.0478516056	0.003364034	-0.0005325	0.000509623	0.0009331740000000001	0.007557329	0.0035417	0.0005061	2.3842E-05	0.0221288	
4.08	173609.4558363023	0.00333863	-0.0005964	0.00050867	0.000934605	0.007608698	0.0037727	0.0005057999999999999	2.57493E-05	0.0221288	
4.1	173609.8059190843	0.003298929	-0.0006817	0.000509385	0.000936512	0.007606478	0.0039267	0.0005052	2.33651E-05	0.0221288	
4.119999999999999	173610.1770749402	0.003332973	-0.0007562	0.000509385	0.000939373	0.007683108	0.0041247	0.0005049000000000001	2.2173E-05	0.0221288	
4.140000000000001	173610.5010514938	0.003237425	-0.0007988	0.0005091470000000001	0.00093985	0.007642309	0.0042677	0.0005064000000000001	2.05041E-05	0.0221288	
4.16	173610.8457001713	0.003243287	-0.000884	0.000509266	0.000943188	0.007704988	0.0044326	0.0005067	2.26499E-05	0.0221288	
4.18	173611.2038701114	0.003246681	-0.0009798999999999999	0.000509623	0.000947002	0.007739762	0.0046636	0.0005064000000000001	2.19346E-05	0.0221288	
4.199999999999999	173611.5609795979	0.003207495	-0.0010225	0.000509385	0.000949387	0.007691141	0.0048506	0.0005061	2.05041E-05	0.0221288	
4.220000000000001	173611.9399083799	0.003160081	-0.0011077	0.000509027	0.000952724	0.007800115	0.0050706	0.0005076000000000001	2.26499E-05	0.0221288	
4.24	173612.3469343805	0.003185074	-0.0011609	0.000509385	0.000957016	0.007814807	0.0053016	0.0005067	2.07425E-05	0.0221288	
4.26	173612.7058262226	0.003154013	-0.0012781	0.000509027	0.000958923	0.007834255	0.0055106	0.0005073	2.02657E-05	0.0221288	
4.279999999999999	173613.0742925457	0.003086543	-0.0013846	0.00050867	0.000962261	0.007871249	0.0056865	0.0005061	2.19346E-05	0.0221288	
4.300000000000001	173613.4540731463	0.003102176	-0.0014698	0.000508312	0.000965599	0.007862476	0.0059285	0.0005049000000000001	1.76431E-05	0.0221288	
4.32	173613.8541012416	0.003055791	-0.0015124	0.000508908	0.000968937	0.007931919000000001	0.0060935	0.0005061	1.95504E-05	0.0221288	
4.34	173614.2091589394	0.002975979	-0.0016189	0.0005087890000000001	0.000969891	0.007935301000000001	0.0062585	0.0005067	2.19346E-05	0.0221288	
4.359999999999999	173614.5700212923	0.002985236	-0.0016722	0.0005087890000000001	0.000973705	0.00789873	0.0064125	0.0005055	1.9312E-05	0.0221288	
4.380000000000001	173614.9110662198	0.002964357	-0.0017574	0.0005087890000000001	0.000976089	0.007932764	0.0066105	0.0005061	2.14578E-05	0.0221288	
4.4	173615.2661936758	0.002960037	-0.0018	0.000508551	0.000979908	0.008010979999999999	0.0067865	0.0005064000000000001	2.0981E-05	0.0221288	
4.42	173615.6091140765	0.002839188	-0.0018958	0.0005091470000000001	0.0009822920000000001	0.008004427	0.0070064	0.0005055	2.12194E-05	0.0221288	
4.44	173615.9711504801	0.00287498	-0.0019597	0.0005087890000000001	0.000986584	0.008087186999999999	0.0071824	0.0005078999999999999	2.07425E-05	0.0221288	
4.460000000000001	173616.3122021275	0.00282304	-0.0020556	0.0005091470000000001	0.000988968	0.008120059000000001	0.0073914	0.0005085	2.45572E-05	0.0221288	
4.48	173616.669232256	0.002831988	-0.0021834	0.000509504	0.000993259	0.008112026	0.0076224	0.0005070000000000001	2.07425E-05	0.0221288	
4.5	173617.0482691952	0.002737469	-0.0022367	0.0005091470000000001	0.0009970739999999999	0.008179143999999999	0.0078204	0.0005046	2.16962E-05	0.0221288	
4.52	173617.4430836606	0.002695609	-0.0023006	0.000509027	0.00100137	0.008184111000000001	0.0079744	0.0005073	2.05041E-05	0.0221288	
4.539999999999999	173617.8430634372	0.002683884	-0.0023538	0.0005084310000000001	0.00100613	0.008161915000000001	0.0081613	0.0005057999999999999	1.78815E-05	0.0221288	
4.560000000000001	173618.2024071079	0.002689232	-0.0024497	0.000508908	0.00100518	0.008198802999999999	0.0083263	0.0005057999999999999	1.74047E-05	0.0221288	
4.58	173618.5719418843	0.002708259	-0.0025136	0.000508908	0.00100852	0.008324794	0.0085573	0.0005057999999999999	2.05041E-05	0.0221288	
4.6	173618.896152992	0.002585765	-0.0025988	0.0005087890000000001	0.00101186	0.008291394000000001	0.008733299999999999	0.0005061	1.4782E-05	0.0221288	
4.619999999999999	173619.2453317965	0.002583913	-0.0026734	0.0005087890000000001	0.00101424	0.008364112999999999	0.0089093	0.0005057999999999999	1.6451E-05	0.0221288	
4.640000000000001	173619.6491501972	0.002540305	-0.0027479	0.0005087890000000001	0.00101949	0.008372569	0.009107300000000001	0.0005067	1.52589E-05	0.0221288	
4.66	173620.0073159774	0.002550487	-0.0028757	0.00050867	0.00102092	0.008446347	0.0092833	0.0005061	1.6451E-05	0.0221288	
4.68	173620.3654439985	0.002560463	-0.0029503	0.0005087890000000001	0.00102378	0.008473723000000001	0.0094812	0.0005061	1.9312E-05	0.0221288	
4.699999999999999	173620.7443279816	0.002456687	-0.0030248	0.000508312	0.00102855	0.008403750999999999	0.0096022	0.0005067	1.69278E-05	0.0221288	
4.720000000000001	173621.1474503996	0.002412153	-0.0030887	0.0005087890000000001	0.00103236	0.008459665	0.009778200000000001	0.0005057999999999999	2.05041E-05	0.0221288	
4.74	173621.4944193393	0.002459773	-0.0031739	0.0005087890000000001	0.00103379	0.008486195	0.0099872	0.0005064000000000001	2.28883E-05	0.0221288	
4.76	173621.8414317979	0.002413284	-0.0032591	0.000509027	0.00103474	0.008590517000000001	0.0101192	0.0005078999999999999	2.05041E-05	0.0221288	
4.779999999999999	173622.2465861652	0.002332341	-0.0033018	0.00050867	0.00103951	0.008497609999999999	0.0102072	0.0005057999999999999	2.14578E-05	0.0221288	
4.800000000000001	173622.6044540328	0.002312697	-0.0034083	0.0005084310000000001	0.00103951	0.008595062000000001	0.0103502	0.0005070000000000001	1.95504E-05	0.0221288	
4.82	173622.9583763989	0.002308274	-0.0034935	0.0005091470000000001	0.00104285	0.008645691000000001	0.0105922	0.0005057999999999999	1.78815E-05	0.0221288	
4.84	173623.3065958674	0.002344786	-0.0035574	0.0005087890000000001	0.00104619	0.008642520000000001	0.0107461	0.0005073	1.83583E-05	0.0221288	
4.859999999999999	173623.6605931116	0.002307863	-0.0036852	0.0005087890000000001	0.00104857	0.008661545999999999	0.0109221	0.0005067	1.4782E-05	0.0221288	
4.880000000000001	173624.0004959876	0.002215812	-0.0037597	0.000508908	0.00105096	0.008644423	0.0110981	0.0005064000000000001	1.6451E-05	0.0221288	
4.9	173624.3665844501	0.002198636	-0.0038236	0.000508551	0.00105382	0.008761852000000001	0.0112411	0.0005073	1.57357E-05	0.0221288	
4.92	173624.6965042152	0.002219617	-0.0038875	0.0005087890000000001	0.0010562	0.008736696	0.0113951	0.0005067	1.57357E-05	0.0221288	
4.94	173625.0645923078	0.002206041	-0.0039621	0.000509385	0.00105954	0.008785421999999999	0.0115491	0.0005061	1.54973E-05	0.0221288	
4.960000000000001	173625.4006146407	0.002166032	-0.0040686	0.0005091470000000001	0.00106002	0.008806773	0.0117691	0.0005055	1.52589E-05	0.0221288	
4.98	173625.7603423019	0.002150913	-0.0041112	0.0005087890000000001	0.0010624	0.008886890999999999	0.011912	0.0005057999999999999	1.4782E-05	0.0221288	
5	173626.1035276559	0.002041272	-0.004271	0.000509027	0.00106526	0.008830131999999999	0.01211	0.0005073	1.71663E-05	0.0221288	
