-4	66613.65360644359	0.00597293	-6.499999999999999E-05	0.000492577	0.000194908	0.006662024	-6.380000000000001E-05	0.0001107	0	0.0245103	
-3.98	66614.42326821621	0.006023286	-5.64E-05	0.000492219	0.000194431	0.006663715	-6.380000000000001E-05	0.0002598	0	0.0245103	
-3.96	66615.14107895237	0.005976911	-6.07E-05	0.000491742	0.00019312	0.006716584	-6.600000000000001E-05	0.0004026	0	0.0245103	
-3.94	66615.90717250432	0.00602778	-6.499999999999999E-05	0.000492577	0.000192405	0.006779336	-6.710000000000001E-05	0.0004662	0	0.0245103	
-3.92	66616.71598582696	0.006024242	-6.18E-05	0.000492815	0.000196339	0.006842606	-6.490000000000001E-05	0.0004824	0	0.0245103	
-3.9	66617.46026174631	0.005984953	-5.75E-05	0.000493053	0.000198484	0.006827967	-6.490000000000001E-05	0.0004866	0	0.0245103	
-3.88	66618.21621734051	0.005988471	-5.75E-05	0.000493292	0.000198961	0.006860934	-6.380000000000001E-05	0.000492	0	0.0245103	
-3.86	66619.01424440344	0.006038549	-6.18E-05	0.0004935300000000001	0.00019908	0.006939911	-6.380000000000001E-05	0.0004956	0	0.0245103	
-3.84	66619.8234484352	0.006025106	-6.39E-05	0.000493292	0.00019908	0.006935144	-6.270000000000001E-05	0.000492	0	0.0245103	
-3.82	66620.5813396555	0.006043198	-6.39E-05	0.000493053	0.000198246	0.006896744	-6.380000000000001E-05	0.0004938	0	0.0245103	
-3.8	66621.31828553893	0.006040668	-5.54E-05	0.000493292	0.000197888	0.006887242	-6.380000000000001E-05	0.0004941	0	0.0245103	
-3.78	66622.09421017719	0.006043547	-6.28E-05	0.000492815	0.00019765	0.006902177	-6.600000000000001E-05	0.0004902	0	0.0245103	
-3.76	66622.8473204106	0.006020365	-5.75E-05	0.000492815	0.00019765	0.006862414	-6.270000000000001E-05	0.0004929	0	0.0245103	
-3.74	66623.62545330738	0.005996318	-5.75E-05	0.000492815	0.000196935	0.006811141	-6.600000000000001E-05	0.0004896	0	0.0245103	
-3.72	66624.40853070651	0.00599673	-5.75E-05	0.000492696	0.000195981	0.006768693	-6.490000000000001E-05	0.0004806	0	0.0245103	
-3.7	66625.15654252186	0.006038672	-5.54E-05	0.000492696	0.000192524	0.006730779	-6.490000000000001E-05	0.0004677	0	0.0245103	
-3.68	66625.91960511819	0.006000864	-5.54E-05	0.000492338	0.000192166	0.006696132	-6.270000000000001E-05	0.0004299	0	0.0245103	
-3.66	66626.64383487564	0.006037633	-5.54E-05	0.000491384	0.000191093	0.006668503	-6.380000000000001E-05	0.0003381	0	0.0245103	
-3.64	66627.41464157638	0.006010512	-6.39E-05	0.0004921	0.000194312	0.006676969	-6.600000000000001E-05	0.0001806	0	0.0245103	
-3.62	66628.18863026853	0.006005205	-6.18E-05	0.000492457	0.000195147	0.006652849	-6.490000000000001E-05	0.0001056	0	0.0245103	
-3.6	66628.95849363554	0.006032028	-5.96E-05	0.000492338	0.000195266	0.00668219	-6.490000000000001E-05	0.0001704	0	0.0245103	
-3.58	66629.69670092384	0.006033386	-5.96E-05	0.000491742	0.000193597	0.006678216	-6.600000000000001E-05	0.0003231	0	0.0245103	
-3.56	66630.46276023676	0.005971727	-6.18E-05	0.000492219	0.000192166	0.006707822	-6.490000000000001E-05	0.000432	0	0.0245103	
-3.54	66631.19373316647	0.005969053	-5.96E-05	0.000492696	0.000192643	0.006754846	-6.710000000000001E-05	0.0004752	0	0.0245103	
-3.52	66631.95696407813	0.00599169	-5.96E-05	0.000492815	0.000195623	0.006846634	-6.490000000000001E-05	0.0004881000000000001	0	0.0245103	
-3.5	66632.72183974399	0.006015089	-5.54E-05	0.000494484	0.000196577	0.006869633	-6.710000000000001E-05	0.0004917	0	0.0245103	
-3.48	66633.49482718401	0.005977486	-5.96E-05	0.000493053	0.000197769	0.006880351	-6.600000000000001E-05	0.0004986	0	0.0245103	
-3.46	66634.29598567975	0.005973928	-5.96E-05	0.000494603	0.000198246	0.006841412	-6.600000000000001E-05	0.0004980000000000001	0	0.0245103	
-3.44	66635.07604332296	0.006001523	-5.75E-05	0.000495199	0.000196219	0.00683747	-6.380000000000001E-05	0.0004965	0	0.0245103	
-3.42	66635.83094966636	0.006009638	-5.54E-05	0.000492934	0.000198365	0.006751422	-6.490000000000001E-05	0.0005004	0	0.0245103	
-3.4	66636.58699901795	0.006008393	-5.33E-05	0.000494841	0.000198842	0.006818317	-6.490000000000001E-05	0.0004995000000000001	0	0.0245103	
-3.38	66637.37706694246	0.00598265	-5.01E-05	0.000495676	0.000198365	0.00671818	-6.490000000000001E-05	0.0004989	0	0.0245103	
-3.36	66638.12619136683	0.006014482	-5.33E-05	0.000495676	0.000198961	0.006858503	-6.380000000000001E-05	0.0004974000000000001	0	0.0245103	
-3.34	66638.86718065769	0.005961936	-4.9E-05	0.000493769	0.000198604	0.006662932	-6.270000000000001E-05	0.0004956	0	0.0245103	
-3.32	66639.61726537533	0.005999939	-5.33E-05	0.000494841	0.000197769	0.00678738	-6.600000000000001E-05	0.0004989	0	0.0245103	
-3.3	66640.39433494171	0.006015253	-5.64E-05	0.000493769	0.000197412	0.006815717	-6.380000000000001E-05	0.0004965	0	0.0245103	
-3.28	66641.12917240385	0.006004505	-4.9E-05	0.000492815	0.000198842	0.006724279	-6.380000000000001E-05	0.0005007	0	0.0245103	
-3.26	66641.89825595256	0.005958665	-5.96E-05	0.000492815	0.000196696	0.00679628	-6.600000000000001E-05	0.0004971	0	0.0245103	
-3.24	66642.65961139642	0.005981899	-5.54E-05	0.000494603	0.000197769	0.006812937	-6.600000000000001E-05	0.0004911000000000001	0	0.0245103	
-3.22	66643.41434206472	0.005964908	-5.75E-05	0.000492696	0.00019467	0.006752151	-6.710000000000001E-05	0.0004860000000000001	0	0.0245103	
-3.2	66644.18548539608	0.005994992	-5.54E-05	0.000492815	0.000192524	0.00669906	-6.82E-05	0.0004692	0	0.0245103	
-3.18	66645.00338102588	0.005956505	-5.54E-05	0.0004904310000000001	0.000192166	0.006683596	-6.380000000000001E-05	0.0003966	0	0.0245103	
-3.16	66645.74832412666	0.00600684	-5.75E-05	0.000492219	0.000193239	0.006667964	-6.490000000000001E-05	0.000237	0	0.0245103	
-3.14	66646.51550500834	0.005961606	-5.75E-05	0.0004921	0.000194789	0.006663937	-6.490000000000001E-05	0.0001029	0	0.0245103	
-3.12	66647.30654250586	0.005963684	-5.96E-05	0.0004921	0.000195266	0.006665522	-6.600000000000001E-05	0.0001338	0	0.0245103	
-3.1	66648.09051907995	0.005967191	-5.96E-05	0.000491623	0.000190497	0.006678523	-6.490000000000001E-05	0.0002784000000000001	0	0.0245103	
-3.08	66648.84977186236	0.005981405	-5.54E-05	0.000490908	0.000190736	0.006693743	-6.380000000000001E-05	0.0003954	0	0.0245103	
-3.06	66649.59776255829	0.005955744	-5.64E-05	0.000492457	0.000192047	0.006658366	-6.270000000000001E-05	0.0004485	0	0.0245103	
-3.04	66650.34770040002	0.005994817	-5.11E-05	0.000492696	0.000192166	0.006666727	-6.710000000000001E-05	0.0004737	0	0.0245103	
-3.02	66651.09677266584	0.006010882	-5.64E-05	0.000492815	0.000194431	0.006722281	-6.600000000000001E-05	0.0004860000000000001	0	0.0245103	
-3	66651.8646482482	0.005968199	-4.9E-05	0.000493053	0.000193716	0.006670247	-6.710000000000001E-05	0.0004887	0	0.0245103	
-2.98	66652.61480048395	0.006000988	-5.33E-05	0.0004938880000000001	0.00019455	0.006706966	-6.600000000000001E-05	0.0004878	0	0.0245103	
-2.96	66653.40884589774	0.005961267	-5.11E-05	0.000492815	0.000192882	0.006681821	-6.380000000000001E-05	0.0004905000000000001	0	0.0245103	
-2.94	66654.1881035632	0.005993696	-5.43E-05	0.000492815	0.000195981	0.006682719	-6.490000000000001E-05	0.0004899	0	0.0245103	
-2.92	66655.00197146511	0.005970441	-5.22E-05	0.000493053	0.00019312	0.006682656	-6.490000000000001E-05	0.0004881000000000001	0	0.0245103	
-2.9	66655.76287412159	0.005961637	-5.54E-05	0.000492815	0.000192286	0.00668867	-6.490000000000001E-05	0.0004848	0	0.0245103	
-2.88	66656.51289100111	0.0059877	-5.33E-05	0.000492696	0.000192166	0.006667847	-6.710000000000001E-05	0.0004806	0	0.0245103	
-2.86	66657.26503070154	0.006011736	-4.9E-05	0.000492696	0.000192166	0.006673608	-6.270000000000001E-05	0.0004665	0	0.0245103	
-2.84	66658.01593171647	0.00601657	-5.75E-05	0.000491861	0.000192047	0.006688078	-6.490000000000001E-05	0.0004335	0	0.0245103	
-2.82	66658.76002268097	0.005968343	-5.11E-05	0.0004904310000000001	0.000190259	0.006647945	-6.710000000000001E-05	0.000357	0	0.0245103	
-2.8	66659.4889835067	0.005969906	-5.54E-05	0.00049198	0.000190021	0.006646158	-6.600000000000001E-05	0.0002436	0	0.0245103	
-2.78	66660.24620882554	0.005958541	-5.75E-05	0.000492219	0.000192286	0.006639299	-6.600000000000001E-05	0.000186	0	0.0245103	
-2.76	66661.00706060343	0.005952298	-5.33E-05	0.000492219	0.00019014	0.006650217	-6.270000000000001E-05	0.0002223	0	0.0245103	
-2.74	66661.7871518457	0.005962141	-4.9E-05	0.0004904310000000001	0.000190021	0.006644996	-6.600000000000001E-05	0.0003033	0	0.0245103	
-2.72	66662.57330499918	0.005957225	-5.11E-05	0.000491742	0.000190021	0.006650661	-6.380000000000001E-05	0.0003861	0	0.0245103	
-2.7	66663.34635099759	0.006001379	-4.9E-05	0.00049198	0.000191809	0.00664805	-6.380000000000001E-05	0.0004455	0	0.0245103	
-2.68	66664.08016768814	0.005977055	-4.47E-05	0.000492219	0.000192047	0.006634606	-6.270000000000001E-05	0.000474	0	0.0245103	
-2.66	66664.89027441476	0.005982176	-4.47E-05	0.000492815	0.000192166	0.006648959	-6.490000000000001E-05	0.0004872	0	0.0245103	
-2.64	66665.69844327534	0.005996658	-5.11E-05	0.000492815	0.000192643	0.006639912	-6.270000000000001E-05	0.0004923	0	0.0245103	
-2.62	66666.44826784023	0.00599242	-5.11E-05	0.000493292	0.000192166	0.006652077	-6.490000000000001E-05	0.0004971	0	0.0245103	
-2.6	66667.19542495937	0.005944729	-5.11E-05	0.000494365	0.000193835	0.006509778	-6.600000000000001E-05	0.0004977	0	0.0245103	
-2.58	66667.9483297585	0.005951033	-4.26E-05	0.000494603	0.00019312	0.006400318	-6.380000000000001E-05	0.0004980000000000001	0	0.0245103	
-2.56	66668.67979739443	0.005951054	-4.26E-05	0.0004938880000000001	0.000192882	0.006136254	-6.380000000000001E-05	0.0004977	0	0.0245103	
-2.54	66669.4475107413	0.005991865	-4.69E-05	0.000495557	0.000192524	0.006177962	-6.490000000000001E-05	0.0004989	0	0.0245103	
-2.52	66670.18059017237	0.005998715	-4.69E-05	0.000496868	0.000193835	0.005940049	-6.380000000000001E-05	0.0004965	0	0.0245103	
-2.5	66670.97054993988	0.005983503	-4.69E-05	0.000494603	0.000195385	0.005863133	-6.490000000000001E-05	0.0004977	0	0.0245103	
-2.48	66671.75352238194	0.005987103	-4.05E-05	0.000497464	0.000193716	0.005664392	-6.600000000000001E-05	0.0004992	0	0.0245103	
-2.46	66672.47054082014	0.005971079	-5.11E-05	0.000496749	0.000193239	0.005565238	-6.600000000000001E-05	0.0004956	0	0.0245103	
-2.44	66673.28369642189	0.005982423	-5.11E-05	0.000494841	0.000195504	0.005646835	-6.490000000000001E-05	0.0004974000000000001	0	0.0245103	
-2.42	66674.07461808264	0.006009627	-4.69E-05	0.000494245	0.00019455	0.005520295	-6.710000000000001E-05	0.0005007	0	0.0245103	
-2.4	66674.81459876157	0.005950509	-4.47E-05	0.000495318	0.000194312	0.005323276	-6.600000000000001E-05	0.0004980000000000001	0	0.0245103	
-2.38	66675.5717885614	0.005947629	-4.47E-05	0.000496987	0.000193478	0.005338645	-6.490000000000001E-05	0.0004959000000000001	0	0.0245103	
-2.36	66676.35679582681	0.005943721	-5.11E-05	0.0004961530000000001	0.000193358	0.005349288	-6.270000000000001E-05	0.0005013	0	0.0245103	
-2.34	66677.13182289005	0.005988728	-4.47E-05	0.000497226	0.000193597	0.005288597	-6.600000000000001E-05	0.0004971	0	0.0245103	
-2.32	66677.90403755159	0.005964959	-4.9E-05	0.000495199	0.000193835	0.005401386	-6.710000000000001E-05	0.0005004	0	0.0245103	
-2.3	66678.64812083631	0.005968179	-4.69E-05	0.000493769	0.000192882	0.005220761	-6.490000000000001E-05	0.0004998	0	0.0245103	
-2.28	66679.39493876491	0.005989633	-5.43E-05	0.000496391	0.000193835	0.005367045	-6.490000000000001E-05	0.0005016000000000001	0	0.0245103	
-2.26	66680.13189552803	0.005983945	-4.69E-05	0.000494841	0.000193597	0.005401186	-6.490000000000001E-05	0.0004977	0	0.0245103	
-2.24	66680.89699870755	0.005945634	-4.47E-05	0.000495676	0.000192405	0.005487307	-6.710000000000001E-05	0.0004977	0	0.0245103	
-2.22	66681.68132535191	0.005943885	-4.69E-05	0.000495199	0.000192762	0.00563912	-6.490000000000001E-05	0.0004992	0	0.0245103	
-2.2	66682.44113587878	0.005939308	-4.9E-05	0.000496391	0.000192524	0.005771579	-6.490000000000001E-05	0.0004968	0	0.0245103	
-2.18	66683.19053837541	0.005957143	-3.83E-05	0.000493411	0.000193835	0.005873185	-6.710000000000001E-05	0.0004962	0	0.0245103	
-2.16	66683.98415180121	0.005961545	-4.69E-05	0.0004938880000000001	0.000194193	0.006132956	-6.490000000000001E-05	0.0004980000000000001	0	0.0245103	
-2.14	66684.73424803854	0.005954695	-4.47E-05	0.000494961	0.000192762	0.006253704	-6.600000000000001E-05	0.0004959000000000001	0	0.0245103	
-2.12	66685.46835880089	0.005955528	-5.43E-05	0.00049508	0.000192882	0.006377297	-6.710000000000001E-05	0.0004947	0	0.0245103	
-2.1	66686.28252685446	0.005966553	-4.9E-05	0.000492934	0.000192166	0.006557859	-6.270000000000001E-05	0.0004911000000000001	0	0.0245103	
-2.08	66687.06735588481	0.005975861	-4.9E-05	0.000492934	0.000192286	0.006604324	-6.490000000000001E-05	0.0004869	0	0.0245103	
-2.06	66687.83131061631	0.00600216	-4.69E-05	0.000492577	0.000190378	0.006606501	-6.490000000000001E-05	0.000441	0	0.0245103	
-2.04	66688.58045136023	0.005973918	-5.54E-05	0.000491384	0.000189782	0.00663709	-6.490000000000001E-05	0.0002892	0	0.0245103	
-2.02	66689.37055960362	0.006010193	-5.22E-05	0.0004921	0.00019157	0.006630811	-6.490000000000001E-05	0.0001185	0	0.0245103	
-2	66690.12537634952	0.006011036	-4.69E-05	0.0004921	0.000189901	0.006621108	-6.710000000000001E-05	0.0002271	0	0.0245103	
-1.98	66690.86642675867	0.005984604	-4.47E-05	0.0004921	0.000190855	0.006559064	-6.270000000000001E-05	0.0004266	0	0.0245103	
-1.96	66691.64260962975	0.006025096	-4.05E-05	0.000492696	0.000192047	0.006561062	-6.380000000000001E-05	0.0004839000000000001	0	0.0245103	
-1.94	66692.39165757626	0.005998077	-4.9E-05	0.000494484	0.000192286	0.006508774	-6.490000000000001E-05	0.0004932000000000001	0	0.0245103	
-1.92	66693.16864298498	0.005969804	-4.58E-05	0.0004935300000000001	0.000192166	0.006364128	-6.600000000000001E-05	0.0004923	0	0.0245103	
-1.9	66693.97062609777	0.006011756	-4.47E-05	0.000495557	0.000192166	0.006249836	-6.490000000000001E-05	0.0004986	0	0.0245103	
-1.88	66694.73469314614	0.0059693	-4.05E-05	0.000495438	0.000192166	0.006143716	-6.490000000000001E-05	0.0004962	0	0.0245103	
-1.86	66695.46063869582	0.005989427	-4.26E-05	0.000494126	0.000192643	0.005888606	-6.160000000000001E-05	0.0004944	0	0.0245103	
-1.84	66696.24574419849	0.005973846	-4.26E-05	0.000494722	0.000192166	0.005844309	-6.600000000000001E-05	0.0004977	0	0.0245103	
-1.82	66697.00972612923	0.005978597	-4.05E-05	0.000496272	0.000192286	0.005943146	-6.270000000000001E-05	0.0004956	0	0.0245103	
-1.8	66697.79192067293	0.00596644	-4.79E-05	0.000494961	0.000192286	0.00597124	-6.490000000000001E-05	0.0004953000000000001	0	0.0245103	
-1.78	66698.56975117813	0.005980366	-4.05E-05	0.000495199	0.000192405	0.005969242	-6.600000000000001E-05	0.0005016000000000001	0	0.0245103	
-1.76	66699.36200400181	0.005976993	-4.26E-05	0.000496868	0.000193001	0.006065321	-6.490000000000001E-05	0.0004971	0	0.0245103	
-1.74	66700.16289114511	0.005992194	-4.47E-05	0.000494365	0.000192166	0.006139309	-6.93E-05	0.0004944	0	0.0245103	
-1.72	66700.92692331446	0.005971418	-4.69E-05	0.000496272	0.000192286	0.006275689	-6.82E-05	0.0004935	0	0.0245103	
-1.7	66701.66214476588	0.005992688	-4.69E-05	0.0004938880000000001	0.000192166	0.006397242	-6.380000000000001E-05	0.0004944	0	0.0245103	
-1.68	66702.4721158163	0.005989427	-4.47E-05	0.000493292	0.000192166	0.006528254	-6.600000000000001E-05	0.0004851	0	0.0245103	
-1.66	66703.20711711385	0.006023399	-4.69E-05	0.000492815	0.000192047	0.006574729	-6.490000000000001E-05	0.0004731	0	0.0245103	
-1.64	66703.98715331765	0.006004135	-4.47E-05	0.000492457	0.000189305	0.006613107	-6.490000000000001E-05	0.0003882	0	0.0245103	
-1.62	66704.76417840527	0.005975111	-4.9E-05	0.00049198	0.000189782	0.006604059	-6.600000000000001E-05	0.0001674	0	0.0245103	
-1.6	66705.56117349693	0.006033807	-4.69E-05	0.0004921	0.000189424	0.006595202	-6.270000000000001E-05	0.0001605	0	0.0245103	
-1.58	66706.31920007347	0.006030012	-4.47E-05	0.000492338	0.000189901	0.006590329	-6.600000000000001E-05	0.0003759	0	0.0245103	
-1.56	66707.08913543847	0.005974648	-3.83E-05	0.000492457	0.000190617	0.006518963	-6.160000000000001E-05	0.0004737	0	0.0245103	
-1.54	66707.83844737762	0.005997861	-3.62E-05	0.000492696	0.000192047	0.006300762	-6.710000000000001E-05	0.0004947	0	0.0245103	
-1.52	66708.58425861424	0.006024489	-4.26E-05	0.000494484	0.000192286	0.006058778	-6.82E-05	0.0004998	0	0.0245103	
-1.5	66709.33737076759	0.006011005	-4.47E-05	0.000495557	0.000192166	0.005514609	-6.490000000000001E-05	0.0004962	0	0.0245103	
-1.48	66710.08527122605	0.005998468	-4.26E-05	0.000495199	0.000192166	0.005106471	-6.490000000000001E-05	0.0004959000000000001	0	0.0245103	
-1.46	66710.87354816042	0.005993655	-3.83E-05	0.000494484	0.000192166	0.004690755	-6.490000000000001E-05	0.0004989	0	0.0245103	
-1.44	66711.59642019567	0.006019182	-4.26E-05	0.000494126	0.000192166	0.004224907	-6.490000000000001E-05	0.0005009999999999999	0	0.0245103	
-1.42	66712.36241839027	0.006007817	-4.58E-05	0.00049663	0.000192643	0.004075068	-6.380000000000001E-05	0.0004983	0	0.0245103	
-1.4	66713.12643488005	0.006053637	-4.05E-05	0.000495914	0.000192166	0.003883704	-6.600000000000001E-05	0.0004992	0	0.0245103	
-1.38	66713.89070000291	0.006044329	-3.83E-05	0.0004961530000000001	0.000192166	0.003589349	-6.270000000000001E-05	0.0005022000000000001	0	0.0245103	
-1.36	66714.68556459388	0.006010738	-4.05E-05	0.000495199	0.000192166	0.003506504	-6.600000000000001E-05	0.0004956	0	0.0245103	
-1.34	66715.46355413465	0.006016302	-4.05E-05	0.00049663	0.000192166	0.003403344	-6.380000000000001E-05	0.0004992	0	0.0245103	
-1.32	66716.26554140732	0.006061916	-3.83E-05	0.000495438	0.000192166	0.003523014	-6.380000000000001E-05	0.0005016000000000001	0	0.0244954	
-1.3	66717.03467775458	0.006007025	-4.37E-05	0.000495676	0.000192166	0.003530719	-6.270000000000001E-05	0.0004965	0	0.0244954	
-1.28	66717.77277496594	0.006043516	-4.26E-05	0.000496868	0.000192166	0.003783736	-6.490000000000001E-05	0.0004980000000000001	0	0.0244954	
-1.26	66718.51972473087	0.00600252	-4.05E-05	0.000495199	0.000192166	0.004031859	-6.710000000000001E-05	0.0004992	0	0.0244954	
-1.24	66719.25576023964	0.006013278	-3.94E-05	0.000496272	0.000192166	0.004316039	-6.600000000000001E-05	0.0005004	0	0.0244954	
-1.22	66720.02581112142	0.006044494	-3.41E-05	0.000496749	0.000192166	0.004900204	-6.270000000000001E-05	0.0004956	0	0.0244954	
-1.2	66720.75286320029	0.006049615	-3.83E-05	0.000496034	0.000192166	0.005241129	-6.380000000000001E-05	0.0004974000000000001	0	0.0244954	
-1.18	66721.54292088508	0.006016261	-4.05E-05	0.000496391	0.000192166	0.005779305	-6.490000000000001E-05	0.0004980000000000001	0	0.0244954	
-1.16	66722.35397190542	0.006027945	-3.83E-05	0.000494245	0.000192166	0.006227026	-6.600000000000001E-05	0.0004944	0	0.0244954	
-1.14	66723.09692050173	0.006048093	-4.47E-05	0.0004938880000000001	0.000191213	0.006530917	-6.380000000000001E-05	0.0004851	0	0.0244954	
-1.12	66723.85904328423	0.006069167	-4.47E-05	0.000492577	0.000186206	0.006627482	-6.490000000000001E-05	0.0004386	0	0.0244954	
-1.1	66724.62097183215	0.006052968	-3.83E-05	0.000492219	0.000189305	0.006659603	-6.490000000000001E-05	0.0001977	0	0.0244954	
-1.08	66725.36499847844	0.006030485	-4.47E-05	0.0004921	0.000188352	0.006682877	-6.380000000000001E-05	0.0001134	0	0.0244954	
-1.06	66726.09211679547	0.006015695	-4.26E-05	0.000492338	0.000186325	0.006639954	-6.600000000000001E-05	0.0003453	0	0.0244954	
-1.04	66726.86229823362	0.006063253	-3.83E-05	0.000492457	0.000188828	0.00654098	-6.490000000000001E-05	0.0004659	0	0.0244954	
-1.02	66727.61317620917	0.006059726	-3.62E-05	0.000492815	0.000191213	0.006441276	-6.380000000000001E-05	0.0004893	0	0.0244954	
-1	66728.35020689025	0.006055231	-3.41E-05	0.000494841	0.00019157	0.00614861	-6.490000000000001E-05	0.0004959000000000001	0	0.0244954	
-0.98	66729.11323300759	0.006006501	-3.2E-05	0.000494245	0.000192166	0.005919459	-6.82E-05	0.0004977	0	0.0244954	
-0.96	66729.84724265276	0.006006933	-4.05E-05	0.0004938880000000001	0.000192166	0.00556454	-6.380000000000001E-05	0.0004968	0	0.0244954	
-0.94	66730.61222647561	0.006047168	-3.73E-05	0.0004957950000000001	0.000192047	0.00544078	-6.600000000000001E-05	0.0004968	0	0.0244954	
-0.9199999999999999	66731.37642632029	0.006049667	-3.41E-05	0.000495557	0.000192047	0.005269519	-6.380000000000001E-05	0.0004974000000000001	0	0.0244954	
-0.8999999999999999	66732.12733821491	0.006053287	-4.05E-05	0.000495676	0.000192166	0.005040083	-6.710000000000001E-05	0.0005007	0	0.0244954	
-0.8799999999999999	66732.87456509211	0.005994261	-3.94E-05	0.000495676	0.00019157	0.005000616	-6.490000000000001E-05	0.0004980000000000001	0	0.0244954	
-0.8599999999999999	66733.65733945966	0.005994447	-3.62E-05	0.0004957950000000001	0.00019157	0.004988862	-6.600000000000001E-05	0.0004974000000000001	0	0.0244954	
-0.8399999999999999	66734.38754377078	0.005989181	-3.73E-05	0.000494484	0.000192166	0.004862111	-6.490000000000001E-05	0.0004989	0	0.0244954	
-0.8199999999999998	66735.16355032676	0.006019768	-3.83E-05	0.000497345	0.000192166	0.005053972	-6.380000000000001E-05	0.0004983	0	0.0244954	
-0.7999999999999998	66735.88963987243	0.006038641	-3.62E-05	0.000496272	0.000192166	0.005193047	-6.490000000000001E-05	0.0004980000000000001	0	0.0244954	
-0.7799999999999998	66736.64663479768	0.006031483	-2.98E-05	0.000495438	0.000192166	0.005541678	-6.270000000000001E-05	0.0004965	0	0.0244954	
-0.7599999999999998	66737.41762613329	0.00599456	-3.83E-05	0.000494245	0.000191332	0.005768514	-6.380000000000001E-05	0.0004986	0	0.0244954	
-0.7400000000000002	66738.18368512621	0.006045008	-3.41E-05	0.000495199	0.000192047	0.006192537	-6.380000000000001E-05	0.0004926000000000001	0	0.0244954	
-0.7200000000000002	66738.92572334786	0.005982783	-3.41E-05	0.000492815	0.000191689	0.006359403	-6.270000000000001E-05	0.000489	0	0.0244954	
-0.7000000000000002	66739.67566854939	0.006019676	-3.73E-05	0.000493053	0.000187756	0.006541529	-6.380000000000001E-05	0.0004635	0	0.0244954	
-0.6800000000000002	66740.42668764101	0.006034311	-3.2E-05	0.000492338	0.000185014	0.006635568	-6.710000000000001E-05	0.0002835	0	0.0244954	
-0.6600000000000001	66741.18174662018	0.006031997	-4.26E-05	0.000492457	0.000187636	0.006631424	-6.710000000000001E-05	0.0001317	0	0.0244954	
-0.6400000000000001	66741.97083825186	0.006029323	-4.05E-05	0.000492338	0.000185252	0.006603256	-6.600000000000001E-05	0.0003153	0	0.0244954	
-0.6200000000000001	66742.75086389596	0.006038981	-3.73E-05	0.000492577	0.000185967	0.006546877	-6.710000000000001E-05	0.0004587	0	0.0244954	
-0.6000000000000001	66743.51798077942	0.005995979	-3.41E-05	0.000493411	0.000189067	0.006324417	-6.600000000000001E-05	0.0004881000000000001	0	0.0244954	
-0.5800000000000001	66744.26598939486	0.006040781	-3.62E-05	0.000494007	0.000190259	0.006015527	-6.380000000000001E-05	0.0004956	0	0.0244954	
-0.5600000000000001	66745.01298523849	0.005999548	-3.83E-05	0.000493411	0.000191451	0.005479496	-6.600000000000001E-05	0.0004971	0	0.0244954	
-0.54	66745.74590403403	0.006024355	-3.83E-05	0.000495676	0.000191809	0.004810266	-6.380000000000001E-05	0.0004980000000000001	0	0.0244954	
-0.52	66746.51099217398	0.006042272	-4.05E-05	0.000496272	0.000192047	0.004201728	-6.490000000000001E-05	0.0004962	0	0.0244954	
-0.5	66747.24100641038	0.006045316	-3.2E-05	0.000495676	0.000192047	0.00338825	-6.600000000000001E-05	0.0004980000000000001	0	0.0244954	
-0.48	66748.05609763824	0.006021496	-3.41E-05	0.000497703	0.00019157	0.002784288	-6.490000000000001E-05	0.0004986	0	0.0244954	
-0.46	66748.80329955614	0.006040338	-3.2E-05	0.00049663	0.000192047	0.002150425	-6.270000000000001E-05	0.0004977	0	0.0244954	
-0.44	66749.5681355431	0.006031874	-3.41E-05	0.000495557	0.00019157	0.001513113	-6.490000000000001E-05	0.0004983	0	0.0244954	
-0.4199999999999999	66750.34517567031	0.006046993	-3.51E-05	0.000496749	0.000191809	0.000971269	-6.490000000000001E-05	0.0004992	0	0.0244954	
-0.3999999999999999	66751.10720853531	0.006040832	-3.62E-05	0.000497703	0.000191213	0.000342246	-6.490000000000001E-05	0.0004986	0	0.0244954	
-0.3799999999999999	66751.85822858692	0.00604618	-4.05E-05	0.000496987	0.000191689	-0.000102315	-6.600000000000001E-05	0.0004995000000000001	0	0.0244954	
-0.3599999999999999	66752.61128442184	0.006027287	-4.05E-05	0.000495438	0.000192047	-0.000526127	-6.380000000000001E-05	0.0004995000000000001	0	0.0244954	
-0.3399999999999999	66753.34531422645	0.006053637	-3.62E-05	0.000497106	0.000190021	-0.001023919	-6.270000000000001E-05	0.0004974000000000001	0	0.0244954	
-0.3199999999999998	66754.13959547367	0.006012672	-2.98E-05	0.000495199	0.000191451	-0.001440205	-6.710000000000001E-05	0.0004995000000000001	0	0.0244954	
-0.2999999999999998	66754.91845443023	0.006043105	-4.05E-05	0.000496749	0.000190378	-0.001728663	-6.490000000000001E-05	0.0005034	0	0.0244954	
-0.2799999999999998	66755.63831374934	0.006031843	-4.69E-05	0.000496868	0.000189424	-0.002022711	-6.380000000000001E-05	0.0004995000000000001	0	0.0244954	
-0.2599999999999998	66756.39640848398	0.006043516	-3.41E-05	0.00049663	0.000191093	-0.002099756	-6.490000000000001E-05	0.0004965	0	0.0244954	
-0.2400000000000002	66757.16271227009	0.006039186	-3.41E-05	0.000494603	0.000189424	-0.002218538	-6.82E-05	0.0004995000000000001	0	0.0244954	
-0.2200000000000002	66757.97458182764	0.006035885	-3.62E-05	0.000495914	0.000187517	-0.002282051	-6.380000000000001E-05	0.0005013	0	0.0244954	
-0.2000000000000002	66758.73353541837	0.006016436	-2.98E-05	0.000497226	0.000188948	-0.002312248	-6.490000000000001E-05	0.0004968	0	0.0244954	
-0.1800000000000002	66759.52749347458	0.006014554	-4.05E-05	0.00049508	0.000189305	-0.002234751	-6.600000000000001E-05	0.0004998	0	0.0244954	
-0.1600000000000001	66760.30274101169	0.006008753	-3.41E-05	0.000495676	0.000188828	-0.002060214	-6.490000000000001E-05	0.0004989	0	0.0244954	
-0.1400000000000001	66761.0626724952	0.006005071	-3.83E-05	0.0004957950000000001	0.000188471	-0.001857348	-6.490000000000001E-05	0.000495	0	0.0244954	
-0.1200000000000001	66761.81345639337	0.006018853	-4.05E-05	0.000494841	0.000192047	-0.001676068	-6.710000000000001E-05	0.0005007	0	0.0244954	
-0.1000000000000001	66762.54593232124	0.006021321	-3.41E-05	0.000496987	0.000189186	-0.00125549	-6.380000000000001E-05	0.0004992	0	0.0244954	
-0.08000000000000007	66763.30080602557	0.006031318	-3.2E-05	0.000495676	0.000190736	-0.000687093	-6.160000000000001E-05	0.0004983	0	0.0244954	
-0.06000000000000005	66764.05787326882	0.006024901	-3.62E-05	0.000495557	0.000187636	-0.000223602	-6.600000000000001E-05	0.0004977	0	0.0244954	
-0.04000000000000004	66764.85379447036	0.006032182	-4.05E-05	0.000496868	0.000191928	0.000440967	-6.380000000000001E-05	0.0004980000000000001	0	0.0244954	
-0.02000000000000002	66765.60894816689	0.006010985	-3.2E-05	0.0004961530000000001	0.000188232	0.001143523	-6.380000000000001E-05	0.0004965	0	0.0244954	
0	66766.34904980245	0.006062647	-3.41E-05	0.00049663	0.000191213	0.00188709	-6.490000000000001E-05	0.0004944	0	0.0244954	
0.01999999999999957	66767.13185712909	0.006067326	-3.41E-05	0.000494722	0.000187756	0.002830583	-6.600000000000001E-05	0.0004983	0	0.0244954	
0.04000000000000004	66767.89902073126	0.006016313	-3.2E-05	0.000495318	0.000191809	0.003783715	-6.380000000000001E-05	0.0004968	0	0.0244954	
0.05999999999999961	66768.63138818216	0.006008516	-3.3E-05	0.000496034	0.000191332	0.004566815	-6.82E-05	0.0004968	0	0.0244954	
0.08000000000000007	66769.39513811936	0.006034486	-3.41E-05	0.00049663	0.000189305	0.005536837	-6.490000000000001E-05	0.0004971	0	0.0244954	
0.09999999999999965	66770.15295382177	0.006049081	-2.98E-05	0.000495199	0.000187756	0.00608776	-6.160000000000001E-05	0.0004977	0	0.0244954	
0.1200000000000001	66770.93915369397	0.006062338	-3.62E-05	0.000493053	0.00018704	0.006402675	-6.380000000000001E-05	0.0004851	0	0.0244954	
0.1399999999999997	66771.68529036152	0.00601873	-3.2E-05	0.000492696	0.000186563	0.006505613	-6.600000000000001E-05	0.0004515	0	0.0244954	
0.1600000000000001	66772.44632453432	0.006032779	-3.94E-05	0.000492338	0.000184775	0.006582191	-6.380000000000001E-05	0.0004020000000000001	0	0.0244954	
0.1799999999999997	66773.23526897011	0.006060651	-3.2E-05	0.000492457	0.000185133	0.006562299	-6.380000000000001E-05	0.0004212	0	0.0244954	
0.2000000000000002	66773.99831588689	0.006074762	-3.41E-05	0.000492577	0.000186444	0.006413594	-6.600000000000001E-05	0.000474	0	0.0244954	
0.2199999999999998	66774.73027822905	0.006068159	-2.98E-05	0.000493173	0.000186802	0.006189536	-6.600000000000001E-05	0.000492	0	0.0244954	
0.2400000000000002	66775.50546784778	0.006062204	-2.98E-05	0.000494961	0.00018704	0.005904366	-6.600000000000001E-05	0.0004935	0	0.0244954	
0.2599999999999998	66776.22732935115	0.006023625	-3.2E-05	0.000494961	0.00018704	0.00548865	-6.05E-05	0.0004944	0	0.0244954	
0.2800000000000003	66777.00770154559	0.006020828	-2.88E-05	0.000493053	0.000187756	0.005124957	-6.490000000000001E-05	0.0004968	0	0.0244954	
0.2999999999999998	66777.72745206773	0.006073878	-3.41E-05	0.0004961530000000001	0.000188352	0.004881453	-6.270000000000001E-05	0.0005013	0	0.0244954	
0.3200000000000003	66778.53446064061	0.006071533	-3.41E-05	0.000496749	0.000187517	0.004713913	-6.270000000000001E-05	0.0004977	0	0.0244954	
0.3399999999999999	66779.32551317771	0.006057535	-3.2E-05	0.0004961530000000001	0.00018716	0.0046376	-6.710000000000001E-05	0.0004938	0	0.0244954	
0.3600000000000003	66780.06571945037	0.006011705	-3.62E-05	0.000495438	0.000189544	0.004596209	-6.380000000000001E-05	0.0004971	0	0.0244954	
0.3799999999999999	66780.83154228986	0.00606097	-3.2E-05	0.000496391	0.00019014	0.004856657	-6.160000000000001E-05	0.0004989	0	0.0244954	
0.4000000000000004	66781.59268461967	0.006070216	-2.56E-05	0.000495438	0.00018704	0.005061328	-6.270000000000001E-05	0.0004983	0	0.0244954	
0.4199999999999999	66782.3586460153	0.006024098	-2.98E-05	0.0004957950000000001	0.000186921	0.005339543	-6.380000000000001E-05	0.0004974000000000001	0	0.0244954	
0.4400000000000004	66783.10871345342	0.006070895	-2.77E-05	0.00049663	0.00018859	0.005627873	-6.270000000000001E-05	0.0004977	0	0.0244954	
0.46	66783.90267278958	0.00601768	-2.98E-05	0.000495199	0.00018716	0.006006458	-6.380000000000001E-05	0.0004926000000000001	0	0.0244954	
0.4800000000000004	66784.65376131928	0.006042467	-2.56E-05	0.000493173	0.000186921	0.006295308	-6.490000000000001E-05	0.0004860000000000001	0	0.0244954	
0.5	66785.4315086268	0.006075338	-3.2E-05	0.000493173	0.000185371	0.006498363	-6.490000000000001E-05	0.0004644	0	0.0244954	
0.5199999999999996	66786.16298010263	0.006072304	-2.98E-05	0.000492457	0.000184537	0.006581852	-6.710000000000001E-05	0.0003747	0	0.0244954	
0.54	66786.93277243161	0.006036872	-3.83E-05	0.000491861	0.000184537	0.00661669	-6.380000000000001E-05	0.0003441	0	0.0244954	
0.5599999999999996	66787.70485653679	0.006069311	-2.56E-05	0.000492457	0.000184775	0.00652133	-6.490000000000001E-05	0.0004344	0	0.0244954	
0.5800000000000001	66788.42886134049	0.006088873	-2.77E-05	0.000494126	0.000186325	0.006356549	-6.380000000000001E-05	0.0004824	0	0.0244954	
0.5999999999999996	66789.23008831435	0.006037531	-3.2E-05	0.000493649	0.000186921	0.00595398	-6.490000000000001E-05	0.0004932000000000001	0	0.0244954	
0.6200000000000001	66790.03001324442	0.006063932	-2.77E-05	0.000494007	0.00018704	0.005224894	-6.160000000000001E-05	0.0005009999999999999	0	0.0244954	
0.6399999999999997	66790.82595620539	0.006040534	-3.62E-05	0.000497583	0.000187756	0.004375134	-6.380000000000001E-05	0.0004971	0	0.0244954	
0.6600000000000001	66791.61800039487	0.006078126	-3.09E-05	0.000495914	0.00018704	0.003409527	-6.270000000000001E-05	0.0004959000000000001	0	0.0244954	
0.6799999999999997	66792.38311317413	0.006048608	-3.41E-05	0.000495438	0.000186921	0.002356956	-6.600000000000001E-05	0.0004989	0	0.0244954	
0.7000000000000002	66793.12608192988	0.006049533	-2.77E-05	0.000497345	0.000186921	0.001512701	-6.490000000000001E-05	0.0004998	0	0.0244954	
0.7199999999999998	66793.88206984318	0.006056146	-3.62E-05	0.000497345	0.000186921	0.000737161	-6.600000000000001E-05	0.0004986	0	0.0244954	
0.7400000000000002	66794.66619489313	0.006062688	-3.83E-05	0.000496868	0.000186921	0.000136951	-6.380000000000001E-05	0.0004995000000000001	0	0.0244954	
0.7599999999999998	66795.44525160419	0.006033077	-4.05E-05	0.000496749	0.000186921	-0.000412746	-6.380000000000001E-05	0.0004992	0	0.0244954	
0.7800000000000003	66796.22926913714	0.006020488	-3.62E-05	0.0004961530000000001	0.000186921	-0.0007973770000000001	-6.490000000000001E-05	0.0004956	0	0.0244954	
0.7999999999999998	66797.02332543062	0.006074814	-3.3E-05	0.000497345	0.000186921	-0.001133833	-6.490000000000001E-05	0.0005022000000000001	0	0.0244954	
0.8200000000000003	66797.79630615083	0.006018627	-3.83E-05	0.0004957950000000001	0.00018704	-0.001491088	-6.380000000000001E-05	0.0004986	0	0.0244954	
0.8399999999999999	66798.51246573296	0.00606927	-3.83E-05	0.0004961530000000001	0.000186921	-0.001582283	-6.380000000000001E-05	0.0004977	0	0.0244954	
0.8600000000000003	66799.29843265163	0.006059829	-3.2E-05	0.000496034	0.000186921	-0.001431887	-6.270000000000001E-05	0.0004980000000000001	0	0.0244954	
0.8799999999999999	66800.04640862798	0.006048957	-3.62E-05	0.000495914	0.000186921	-0.00109278	-6.710000000000001E-05	0.0005007	0	0.0244954	
0.9000000000000004	66800.79739796044	0.006016909	-3.94E-05	0.000495914	0.000186802	-0.000942086	-6.160000000000001E-05	0.0004983	0	0.0244954	
0.9199999999999999	66801.54677165787	0.006026268	-3.2E-05	0.000495438	0.000186802	-0.000284039	-6.490000000000001E-05	0.0004968	0	0.0244954	
0.9400000000000004	66802.29451116081	0.00606637	-3.41E-05	0.000497941	0.000186921	0.000322418	-6.490000000000001E-05	0.0004986	0	0.0244954	
0.96	66803.04458883865	0.006049914	-3.41E-05	0.000497703	0.000186921	0.001439146	-6.600000000000001E-05	0.0004989	0	0.0244954	
0.9800000000000004	66803.82156752756	0.006024335	-3.62E-05	0.000496391	0.000186921	0.002627455	-6.380000000000001E-05	0.0004947	0	0.0244954	
1	66804.59072979409	0.006079751	-2.98E-05	0.000496987	0.000186921	0.004208968	-6.490000000000001E-05	0.0004941	0	0.0244954	
1.02	66805.33762292058	0.006028922	-3.41E-05	0.000494961	0.00018704	0.005512759	-6.380000000000001E-05	0.0004986	0	0.0244954	
1.04	66806.11167881086	0.006066401	-2.56E-05	0.000495199	0.000186921	0.005679929	-6.490000000000001E-05	0.0004926000000000001	0	0.0244954	
1.06	66806.91366704351	0.006090457	-2.77E-05	0.000492815	0.000186563	0.00642392	-6.490000000000001E-05	0.0004734	0	0.0244954	
1.08	66807.67599078042	0.006089367	-3.62E-05	0.000492338	0.000183345	0.006632143	-6.490000000000001E-05	0.0002121	0	0.0244954	
1.1	66808.41070184606	0.006073816	-1.92E-05	0.000491861	0.000184179	0.006528328	-6.270000000000001E-05	0.0003624	0	0.0244954	
1.12	66809.17701427192	0.006059787	-3.2E-05	0.000492696	0.000186087	0.006206193	-6.270000000000001E-05	0.0004797	0	0.0244954	
1.14	66809.93783117078	0.006081828	-2.98E-05	0.000494961	0.000186802	0.005658018	-6.380000000000001E-05	0.0004974000000000001	0	0.0244954	
1.16	66810.71592726858	0.006047157	-3.41E-05	0.000497106	0.000186921	0.004937948	-6.270000000000001E-05	0.0004971	0	0.0244954	
1.18	66811.45684584141	0.006104188	-2.77E-05	0.00049663	0.000186921	0.004225541	-6.600000000000001E-05	0.0004941	0	0.0244954	
1.2	66812.21295311139	0.006104106	-2.98E-05	0.000498179	0.000186921	0.003580259	-6.160000000000001E-05	0.0005001000000000001	0	0.0244954	
1.22	66812.99695144488	0.006102265	-3.2E-05	0.000496868	0.00018704	0.002955507	-6.600000000000001E-05	0.0004968	0	0.0244954	
1.24	66813.79411357187	0.006051683	-3.62E-05	0.000496749	0.000186921	0.002363065	-6.490000000000001E-05	0.0004992	0	0.0244954	
1.26	66814.53735368008	0.006107808	-3.62E-05	0.000496272	0.000186921	0.002063635	-6.490000000000001E-05	0.0004980000000000001	0	0.0244954	
1.28	66815.34137961599	0.006070093	-3.2E-05	0.000494603	0.000186921	0.001751523	-6.270000000000001E-05	0.0004968	0	0.0244954	
1.3	66816.11246822888	0.006088843	-3.41E-05	0.000496272	0.000186802	0.001513219	-6.710000000000001E-05	0.0004992	0	0.0244954	
1.32	66816.90945852068	0.006069651	-2.98E-05	0.000497226	0.000186921	0.001474386	-6.270000000000001E-05	0.0004998	0	0.0244954	
1.34	66817.67836799423	0.006093965	-2.34E-05	0.00049806	0.000186444	0.001560529	-6.82E-05	0.0005001000000000001	0	0.0244954	
1.36	66818.43624545493	0.006094222	-2.56E-05	0.000497345	0.000186683	0.001791645	-6.490000000000001E-05	0.0005004	0	0.0244954	
1.38	66819.19358981046	0.006084276	-2.98E-05	0.000496749	0.000186921	0.00210098	-6.600000000000001E-05	0.0004974000000000001	0	0.0246874	
1.4	66819.9864512572	0.006053555	-3.41E-05	0.000495914	0.000186802	0.002728586	-6.490000000000001E-05	0.0005022000000000001	0	0.0246874	
1.42	66820.7324535285	0.006101864	-2.56E-05	0.000496749	0.000186921	0.003752196	-6.270000000000001E-05	0.0005016000000000001	0	0.0246874	
1.44	66821.52649414241	0.006058779	-2.77E-05	0.000496391	0.000186921	0.004777913	-6.600000000000001E-05	0.0004968	0	0.0246874	
1.46	66822.25862767981	0.006064827	-3.2E-05	0.000495557	0.000186802	0.005883057	-6.380000000000001E-05	0.0004953000000000001	0	0.0246874	
1.48	66823.02958829627	0.006110277	-2.34E-05	0.000492696	0.000184537	0.006456116	-6.380000000000001E-05	0.000441	0	0.0246874	
1.5	66823.78050979061	0.006117024	-3.2E-05	0.000492338	0.000183702	0.006606881	-6.270000000000001E-05	0.0001968	0	0.0246874	
1.52	66824.50257544831	0.006079555	-2.98E-05	0.0004921	0.000183702	0.006485637	-6.270000000000001E-05	0.0004215	0	0.0246874	
1.54	66825.30175607911	0.006103859	-2.34E-05	0.000492815	0.000185729	0.006142226	-6.490000000000001E-05	0.0004806	0	0.0246874	
1.56	66826.06565545216	0.006067882	-2.34E-05	0.000494722	0.000186802	0.005661041	-6.710000000000001E-05	0.0004917	0	0.0246874	
1.58	66826.83160660807	0.006105864	-3.2E-05	0.000496034	0.000186802	0.005082531	-6.380000000000001E-05	0.0004947	0	0.0246874	
1.6	66827.61280565949	0.006087567	-2.98E-05	0.000495438	0.000186802	0.00433165	-6.380000000000001E-05	0.0004959000000000001	0	0.0246874	
1.62	66828.40987754901	0.006097801	-2.34E-05	0.000496868	0.000186921	0.003459691	-6.380000000000001E-05	0.0004992	0	0.0246874	
1.64	66829.20588578814	0.006066812	-2.77E-05	0.000496034	0.000186921	0.002638564	-6.270000000000001E-05	0.0004983	0	0.0246874	
1.66	66829.98686948555	0.006054017	-2.77E-05	0.0004961530000000001	0.000186802	0.001721695	-6.270000000000001E-05	0.0005013	0	0.0246874	
1.68	66830.74876827429	0.006074053	-3.2E-05	0.000496749	0.000186921	0.001014562	-6.160000000000001E-05	0.000495	0	0.0246874	
1.7	66831.53702536921	0.006097739	-2.98E-05	0.000496034	0.000186802	0.000466451	-6.270000000000001E-05	0.0004971	0	0.0246874	
1.72	66832.30493071073	0.006063192	-3.2E-05	0.000497822	0.000186921	-0.000158651	-6.270000000000001E-05	0.0004992	0	0.0246874	
1.74	66833.10099718825	0.006070031	-2.98E-05	0.000496868	0.000186683	-0.00057739	-6.380000000000001E-05	0.0004980000000000001	0	0.0246874	
1.76	66833.89399015131	0.006094181	-2.56E-05	0.000495557	0.000186683	-0.001012683	-6.600000000000001E-05	0.0004974000000000001	0	0.0246874	
1.78	66834.66907097306	0.006084729	-3.41E-05	0.000496868	0.000186802	-0.00126273	-6.380000000000001E-05	0.0004989	0	0.0246874	
1.8	66835.42912245324	0.006102121	-2.98E-05	0.000497464	0.000186921	-0.001543873	-6.380000000000001E-05	0.0004962	0	0.0246874	
1.82	66836.18010378591	0.006067861	-3.41E-05	0.000496391	0.000186802	-0.001843365	-6.270000000000001E-05	0.0004974000000000001	0	0.0246874	
1.84	66836.92712202892	0.006064087	-3.2E-05	0.00049663	0.000186563	-0.001829994	-6.270000000000001E-05	0.0005034	0	0.0246874	
1.86	66837.67717666741	0.006096958	-2.98E-05	0.000497345	0.000186921	-0.001806392	-6.490000000000001E-05	0.0004998	0	0.0246874	
1.88	66838.42743482022	0.006090159	-2.98E-05	0.000497703	0.000186683	-0.001516075	-6.160000000000001E-05	0.0004953000000000001	0	0.0246874	
1.9	66839.20425799346	0.006050037	-3.2E-05	0.0004961530000000001	0.000186921	-0.001286174	-6.270000000000001E-05	0.0004968	0	0.0246874	
1.92	66839.97323242521	0.006105288	-2.56E-05	0.000496272	0.000186921	-0.000866259	-6.380000000000001E-05	0.0004971	0	0.0246874	
1.94	66840.74930265942	0.006079473	-3.09E-05	0.000497226	0.000186563	-0.000455056	-6.710000000000001E-05	0.0004956	0	0.0246874	
1.96	66841.54439060416	0.006090951	-3.2E-05	0.000496749	0.000186206	8.7612E-05	-6.600000000000001E-05	0.0005016000000000001	0	0.0246874	
1.98	66842.32137985279	0.006107788	-2.98E-05	0.000498179	0.000186921	0.000793434	-6.270000000000001E-05	0.0004998	0	0.0246874	
2	66843.10339392151	0.006097184	-2.77E-05	0.000496034	0.000186802	0.001576605	-6.490000000000001E-05	0.0004962	0	0.0246874	
